1.0 0.0
1.0 0.0
0.966666666667 0.0415040175996
0.964285714286 0.0417454760084
0.962962962963 0.042832038848
0.961538461538 0.0437495808014
0.957446808511 0.0448039491864
0.955555555556 0.0476048667284
0.954545454545 0.0476048667284
0.953488372093 0.049874575771
0.945945945946 0.049874575771
0.944444444444 0.049874575771
0.9375 0.0507024331726
0.933333333333 0.053664322987
0.931034482759 0.053664322987
0.928571428571 0.0547589344402
0.925925925926 0.0555637958028
0.923076923077 0.0570987814016
0.916666666667 0.0601549549757
0.913043478261 0.0601549549757
0.909090909091 0.0609759135656
0.904761904762 0.0614266359286
0.9 0.0617888235418
0.894736842105 0.0620302819506
0.888888888889 0.0635595185396
0.882352941176 0.0682415120662
0.875 0.072683196986
0.866666666667 0.0751058296875
0.857142857143 0.0841743176405
0.85 0.100875190915
0.846153846154 0.101433994661
0.842105263158 0.114216238374
0.833333333333 0.114377210647
0.818181818182 0.12357970279
0.8 0.138944377367
0.785714285714 0.154957860711
0.777777777778 0.155179197585
0.769230769231 0.180300601193
0.75 0.180300601193
0.736842105263 0.203723357357
0.733333333333 0.204576510402
0.727272727273 0.203529381213
0.714285714286 0.204233060004
0.7 0.223592588962
0.695652173913 0.226315035233
0.692307692308 0.22732916055
0.688888888889 0.227570618959
0.688524590164 0.228626293937
0.681818181818 0.233757353757
0.666666666667 0.233870034348
0.651162790698 0.267866662342
0.647058823529 0.269295866162
0.644444444444 0.271440246792
0.642857142857 0.271556983852
0.636363636364 0.270518222219
0.631578947368 0.27053683265
0.625 0.271754159329
0.615384615385 0.271754159329
0.611111111111 0.271755100076
0.607142857143 0.273070401138
0.602739726027 0.274736332829
0.6 0.274567311943
0.588235294118 0.303950121383
0.583333333333 0.304417916563
0.578947368421 0.304521593414
0.571428571429 0.304460653911
0.558139534884 0.305157361525
0.555555555556 0.306671605126
0.55 0.306602086331
0.547619047619 0.306722775333
0.545454545455 0.306722775333
0.543859649123 0.307582827189
0.538461538462 0.307355166403
0.533333333333 0.307600145027
0.530612244898 0.309501032984
0.526315789474 0.31006784246
0.52380952381 0.31277219808
0.521739130435 0.31277219808
0.511627906977 0.31277219808
0.5 0.314303920476
0.478260869565 0.337351279888
0.47619047619 0.338022582438
0.473684210526 0.333538577164
0.470588235294 0.33391707106
0.466666666667 0.333972261553
0.464285714286 0.334464474612
0.461538461538 0.333697267948
0.458333333333 0.331862920963
0.454545454545 0.333010823994
0.45 0.333769693279
0.444444444444 0.333474475599
0.441176470588 0.333298506347
0.4375 0.333298506347
0.428571428571 0.333298506347
0.423076923077 0.33297192014
0.421052631579 0.333774063789
0.42 0.335975297767
0.416666666667 0.335880028855
0.411764705882 0.334987207643
0.409090909091 0.336070562294
0.4 0.336070562294
0.392857142857 0.333095237455
0.391304347826 0.333095237455
0.388888888889 0.333707506991
0.384615384615 0.333707506991
0.380952380952 0.333607082244
0.375 0.333607082244
0.372093023256 0.336094191355
0.37037037037 0.337395782234
0.368421052632 0.336691744134
0.365853658537 0.336135938514
0.363636363636 0.336138328327
0.36 0.333900801575
0.357142857143 0.331648716463
0.352941176471 0.33243687052
0.351351351351 0.332260632229
0.350877192982 0.332568562686
0.35 0.332935250478
0.346153846154 0.332935250478
0.34375 0.33273651837
0.342857142857 0.333187240733
0.333333333333 0.333066511529
0.328125 0.321660124984
0.322580645161 0.321660124984
0.322033898305 0.321556015644
0.32 0.321556015644
0.318181818182 0.32177778805
0.317073170732 0.322439115803
0.315789473684 0.322439115803
0.3125 0.322439115803
0.310344827586 0.322245551068
0.307692307692 0.322245551068
0.304347826087 0.322481290476
0.303571428571 0.322665208358
0.3 0.322665208358
0.296296296296 0.319616050785
0.294117647059 0.319616050785
0.291666666667 0.318911782352
0.289473684211 0.318911782352
0.285714285714 0.318911782352
0.28125 0.304917835377
0.28 0.306060581563
0.277777777778 0.306301613822
0.276923076923 0.306812041285
0.275862068966 0.302154612568
0.272727272727 0.302154612568
0.271604938272 0.296118079293
0.269230769231 0.296118079293
0.268292682927 0.296039934383
0.267857142857 0.296039934383
0.266666666667 0.296039934383
0.265306122449 0.286640709881
0.264705882353 0.286640709881
0.263157894737 0.282175941445
0.260869565217 0.282878257751
0.259259259259 0.282736217603
0.258064516129 0.282736217603
0.257142857143 0.282736217603
0.25 0.282736217603
0.246575342466 0.273743225557
0.243243243243 0.273743225557
0.242424242424 0.27295549719
0.241379310345 0.267490456041
0.24 0.267490456041
0.238095238095 0.267490456041
0.236842105263 0.267490456041
0.235294117647 0.265519642308
0.233333333333 0.265312058833
0.232142857143 0.265188398761
0.231884057971 0.264293076485
0.230769230769 0.264293076485
0.227272727273 0.261548620365
0.225806451613 0.261178409773
0.225 0.261178409773
0.223684210526 0.261178409773
0.222222222222 0.261178409773
0.220338983051 0.256705567118
0.22 0.256705567118
0.219512195122 0.257290240426
0.21875 0.257290240426
0.217391304348 0.256003330738
0.216216216216 0.255407256729
0.21568627451 0.255407256729
0.214285714286 0.255407256729
0.212765957447 0.247877089063
0.212121212121 0.246681590175
0.210526315789 0.246681590175
0.208333333333 0.246607950586
0.207792207792 0.246607950586
0.206896551724 0.24598213099
0.206349206349 0.245210383186
0.205882352941 0.245210383186
0.205479452055 0.245210383186
0.204545454545 0.243695228605
0.203389830508 0.243695228605
0.203125 0.243695228605
0.202702702703 0.243695228605
0.202127659574 0.243695228605
0.2 0.243695228605
0.197368421053 0.23258578673
0.19696969697 0.23258578673
0.19512195122 0.23258578673
0.194444444444 0.23258578673
0.193548387097 0.23258578673
0.192307692308 0.232668320875
0.191489361702 0.231324742713
0.190476190476 0.231324742713
0.189189189189 0.231205774394
0.188679245283 0.231205774394
0.1875 0.231205774394
0.185185185185 0.228065010564
0.184210526316 0.227427374225
0.183673469388 0.226494566262
0.183333333333 0.226494566262
0.181818181818 0.226494566262
0.179487179487 0.218126530925
0.178571428571 0.218126530925
0.176470588235 0.218126530925
0.173913043478 0.216024836025
0.173076923077 0.216024836025
0.172413793103 0.216024836025
0.171428571429 0.215732650783
0.170212765957 0.215732650783
0.169811320755 0.214758591387
0.169491525424 0.214758591387
0.166666666667 0.210975804684
0.164705882353 0.196971607921
0.164179104478 0.196971607921
0.16393442623 0.196971607921
0.162162162162 0.196971607921
0.161290322581 0.196971607921
0.160714285714 0.196971607921
0.16 0.196971607921
0.159090909091 0.196730744864
0.157894736842 0.196730744864
0.156862745098 0.196733060893
0.15625 0.196733060893
0.155555555556 0.196733060893
0.153846153846 0.196733060893
0.152173913043 0.192944875098
0.151898734177 0.192944875098
0.151515151515 0.192944875098
0.150943396226 0.192100226899
0.15 0.192100226899
0.148936170213 0.191533506151
0.148148148148 0.191533506151
0.147540983607 0.191517331903
0.147058823529 0.189390831725
0.145833333333 0.189390831725
0.142857142857 0.189418570502
0.140845070423 0.181704080329
0.140625 0.181704080329
0.14 0.181704080329
0.139534883721 0.181704080329
0.138461538462 0.181704080329
0.137931034483 0.181704080329
0.137254901961 0.181704080329
0.136363636364 0.181704080329
0.135135135135 0.181432927576
0.134615384615 0.181432927576
0.134328358209 0.181123917729
0.133333333333 0.181123917729
0.132352941176 0.174399751004
0.132075471698 0.17113335884
0.131578947368 0.17113335884
0.131147540984 0.167954804924
0.130434782609 0.167954804924
0.12987012987 0.16586519987
0.12962962963 0.16586519987
0.129032258065 0.16586519987
0.127659574468 0.16586519987
0.127272727273 0.165852694501
0.125 0.163494305022
0.123456790123 0.153374317811
0.123076923077 0.153374317811
0.122807017544 0.153374317811
0.122448979592 0.153374317811
0.121951219512 0.153374317811
0.121212121212 0.153370753387
0.120689655172 0.153370753387
0.12 0.15045953122
0.118644067797 0.150479872227
0.117647058824 0.150479872227
0.116666666667 0.148567723576
0.116279069767 0.148567723576
0.115942028986 0.148567723576
0.115384615385 0.148567723576
0.114754098361 0.148574516365
0.114285714286 0.148574516365
0.113636363636 0.148574516365
0.11320754717 0.148574516365
0.112676056338 0.148574516365
0.1125 0.148574516365
0.111111111111 0.148574516365
0.109375 0.141148703831
0.108695652174 0.141148703831
0.108108108108 0.141148703831
0.107692307692 0.141148703831
0.107142857143 0.141148703831
0.106382978723 0.139874392832
0.106060606061 0.138663724606
0.105263157895 0.138663724606
0.10447761194 0.133901293211
0.104347826087 0.133901293211
0.104166666667 0.133536431997
0.103896103896 0.133135757629
0.103448275862 0.133135757629
0.102564102564 0.131535373462
0.102040816327 0.130576944193
0.101694915254 0.130576944193
0.1 0.130576944193
0.0985915492958 0.129254619261
0.0983606557377 0.129254619261
0.0980392156863 0.129254619261
0.0975609756098 0.129254619261
0.0967741935484 0.129254619261
0.0961538461538 0.129254619261
0.0952380952381 0.129254619261
0.0941176470588 0.129254619261
0.09375 0.129254619261
0.0933333333333 0.127726409966
0.093023255814 0.126056362973
0.0925925925926 0.126056362973
0.0923076923077 0.126056362973
0.0909090909091 0.126056362973
0.0892857142857 0.122830114945
0.0888888888889 0.122830114945
0.0886075949367 0.122830114945
0.0882352941176 0.122830114945
0.0877192982456 0.122830114945
0.0875 0.122830114945
0.0869565217391 0.122830114945
0.0862068965517 0.122830114945
0.0860215053763 0.122830114945
0.0857142857143 0.122830114945
0.0853658536585 0.122830114945
0.0851063829787 0.122830114945
0.0847457627119 0.122530022625
0.0845070422535 0.122530022625
0.0833333333333 0.122530022625
0.0823529411765 0.12196973136
0.0819672131148 0.12196973136
0.0816326530612 0.12196973136
0.0813953488372 0.12196973136
0.0810810810811 0.12196973136
0.0806451612903 0.12196973136
0.08 0.12196973136
0.0793650793651 0.12196973136
0.0789473684211 0.12196973136
0.0786516853933 0.12196973136
0.078431372549 0.12196973136
0.078125 0.121852531164
0.0777777777778 0.121852531164
0.0769230769231 0.121852531164
0.0757575757576 0.12110647666
0.0754716981132 0.12110647666
0.0752688172043 0.12110647666
0.075 0.117274945382
0.0746268656716 0.117274945382
0.0744680851064 0.117274945382
0.0740740740741 0.117274945382
0.0731707317073 0.115603764266
0.0727272727273 0.115603764266
0.0714285714286 0.115603764266
0.0701754385965 0.112066488973
0.0697674418605 0.112066488973
0.0689655172414 0.112066488973
0.0681818181818 0.110561137391
0.0677966101695 0.110561137391
0.0675675675676 0.110561137391
0.0674157303371 0.110561137391
0.0666666666667 0.110561137391
0.0655737704918 0.105228775625
0.0652173913043 0.105228775625
0.0649350649351 0.105228775625
0.0645161290323 0.105228775625
0.0641025641026 0.105228775625
0.063829787234 0.105228775625
0.0634920634921 0.105228775625
0.0625 0.105228775625
0.0615384615385 0.105228775625
0.0612244897959 0.105228775625
0.0608695652174 0.105228775625
0.0606060606061 0.105228775625
0.0603448275862 0.105228775625
0.06 0.105228775625
0.0595238095238 0.105228775625
0.0588235294118 0.105228775625
0.0579710144928 0.105096728539
0.0576923076923 0.105096728539
0.0571428571429 0.105096728539
0.0566037735849 0.105096728539
0.0555555555556 0.105096728539
0.0545454545455 0.100135361657
0.054347826087 0.100135361657
0.0540540540541 0.100135361657
0.0535714285714 0.100135361657
0.0533333333333 0.100135361657
0.0526315789474 0.100135361657
0.0519480519481 0.0996870271246
0.051724137931 0.0993961119154
0.0512820512821 0.0993961119154
0.0508474576271 0.0993961119154
0.0506329113924 0.0993961119154
0.05 0.0993961119154
0.0493827160494 0.0993961119154
0.0491803278689 0.0993961119154
0.0487804878049 0.0993961119154
0.0483870967742 0.0993961119154
0.0481927710843 0.0990317676509
0.0480769230769 0.0990317676509
0.047619047619 0.0990317676509
0.0470588235294 0.0990317676509
0.046875 0.0990317676509
0.046511627907 0.0990317676509
0.0461538461538 0.0990317676509
0.0459770114943 0.0990317676509
0.0454545454545 0.0990317676509
0.044776119403 0.0970281640927
0.0444444444444 0.0970281640927
0.0441176470588 0.0970281640927
0.043956043956 0.0970281640927
0.0434782608696 0.0970281640927
0.0425531914894 0.0967728955627
0.0422535211268 0.0967728955627
0.0416666666667 0.0967728955627
0.041095890411 0.0967728955627
0.0408163265306 0.0967728955627
0.04 0.0963869968413
0.0396825396825 0.0963869968413
0.0394736842105 0.0963869968413
0.0392156862745 0.0963869968413
0.038961038961 0.0963869968413
0.0384615384615 0.0963869968413
0.0379746835443 0.0963869968413
0.0377358490566 0.0963869968413
0.0375 0.0963899608109
0.037037037037 0.0963899608109
0.0365853658537 0.0960546088155
0.0363636363636 0.0960546088155
0.0361445783133 0.0960546088155
0.036036036036 0.0960546088155
0.0357142857143 0.0960546088155
0.0352941176471 0.0960546088155
0.0350877192982 0.0960546088155
0.0344827586207 0.0960546088155
0.0340909090909 0.09554624353
0.0338983050847 0.09554624353
0.0333333333333 0.09554624353
0.032967032967 0.09554624353
0.0327868852459 0.09554624353
0.0322580645161 0.09554624353
0.031746031746 0.09554624353
0.03125 0.09554624353
0.0307692307692 0.09554624353
0.030612244898 0.09554624353
0.030303030303 0.09554624353
0.0298507462687 0.09554624353
0.0294117647059 0.09554624353
0.0289855072464 0.09554624353
0.0285714285714 0.09554624353
0.0281690140845 0.09554624353
0.0277777777778 0.09554624353
0.027397260274 0.09554624353
0.027027027027 0.09554624353
0.0266666666667 0.09554624353
0.0263157894737 0.09554624353
0.025974025974 0.09554624353
0.025641025641 0.09554624353
0.0253164556962 0.09554624353
0.025 0.09554624353
0.0246913580247 0.09554624353
0.0243902439024 0.09554624353
0.0240963855422 0.09554624353
0.0238095238095 0.09554624353
0.0232558139535 0.09554624353
0.0229885057471 0.09554624353
0.0227272727273 0.09554624353
0.0222222222222 0.09554624353
0.0217391304348 0.09554624353
0.0212765957447 0.09554624353
0.0210526315789 0.09554624353
0.0208333333333 0.09554624353
0.0204081632653 0.09554624353
0.02 0.09554624353
0.0196078431373 0.09554624353
0.0192307692308 0.09554624353
0.0188679245283 0.09554624353
0.0185185185185 0.09554624353
0.0181818181818 0.09554624353
0.018018018018 0.09554624353
0.0178571428571 0.09554624353
0.0175438596491 0.0949350861399
0.0172413793103 0.0949350861399
0.0169491525424 0.0949350861399
0.0166666666667 0.0949350861399
0.016393442623 0.0949350861399
0.0161290322581 0.0949350861399
0.015873015873 0.0949350861399
0.015625 0.0949350861399
0.0153846153846 0.0949350861399
0.0151515151515 0.0949350861399
0.0149253731343 0.0949350861399
0.0147058823529 0.0949350861399
0.0142857142857 0.0949350861399
0.013698630137 0.0949350861399
0.0135135135135 0.0949350861399
0.012987012987 0.0949350861399
0.0128205128205 0.0949350861399
0.0126582278481 0.0949350861399
0.0125 0.0949350861399
0.0121951219512 0.0949350861399
0.0120481927711 0.0949350861399
0.0116279069767 0.0949350861399
0.0114942528736 0.0949350861399
0.0113636363636 0.0949350861399
0.0112359550562 0.0949350861399
0.010989010989 0.0949350861399
0.010752688172 0.0949350861399
0.0103092783505 0.0949350861399
0.01 0.0949350861399
0.00980392156863 0.0949350861399
0.00833333333333 0.0949350861399
0.0 0.0949350861399
