1.0 0.0
1.0 0.0
0.916666666667 0.0
0.875 0.0
0.866666666667 0.0
0.833333333333 0.0
0.8 0.0
0.777777777778 0.000103018440301
0.769230769231 0.000206036880602
0.75 0.000251822854069
0.714285714286 0.000560878174971
0.705882352941 0.000824147522407
0.7 0.000961505442808
0.692307692308 0.000961505442808
0.6875 0.000961505442808
0.666666666667 0.000961505442808
0.647058823529 0.00168034522624
0.645161290323 0.00168034522624
0.642857142857 0.00168034522624
0.636363636364 0.00178336366654
0.631578947368 0.00188638210684
0.625 0.00205807950734
0.615384615385 0.00225266989458
0.611111111111 0.00225266989458
0.6 0.00235568833488
0.590909090909 0.00363998489063
0.588235294118 0.0036857708641
0.583333333333 0.00390554353674
0.578947368421 0.00400856197704
0.571428571429 0.00400856197704
0.5625 0.00486868419288
0.560975609756 0.00517773951379
0.55737704918 0.00517773951379
0.555555555556 0.00517773951379
0.55 0.00552113431479
0.545454545455 0.00552113431479
0.538461538462 0.00591260438793
0.535714285714 0.0059583903614
0.533333333333 0.0059583903614
0.529411764706 0.0059583903614
0.526315789474 0.0059583903614
0.52380952381 0.00649065230295
0.521739130435 0.00649065230295
0.52 0.00662801022335
0.51724137931 0.00669668918355
0.5 0.00675621094906
0.486486486486 0.0101478069336
0.47619047619 0.0101478069336
0.473684210526 0.0101478069336
0.470588235294 0.0104212146038
0.466666666667 0.0105642957708
0.463414634146 0.0108184079236
0.461538461538 0.0108184079236
0.458333333333 0.0110244448042
0.454545454545 0.0110244448042
0.451612903226 0.0117421399383
0.45 0.0117421399383
0.448275862069 0.0118394351319
0.444444444444 0.0118394351319
0.44 0.0128112424187
0.4375 0.0130086944293
0.435897435897 0.0131117128696
0.434782608696 0.0131117128696
0.433333333333 0.0131117128696
0.428571428571 0.0131117128696
0.423076923077 0.0142386201416
0.421052631579 0.0142386201416
0.419889502762 0.0148960304106
0.416666666667 0.0149784451628
0.411764705882 0.0159246613609
0.409090909091 0.0158956048778
0.407407407407 0.01597801963
0.403846153846 0.0160733723884
0.4 0.0160939760765
0.397260273973 0.0173043609893
0.392857142857 0.0173730399495
0.391304347826 0.0173730399495
0.390476190476 0.0176039320729
0.388888888889 0.0176497180463
0.387096774194 0.0176783342798
0.384615384615 0.0177939198491
0.382352941176 0.0184657283813
0.380952380952 0.0185172376014
0.379310344828 0.0187576139621
0.376811594203 0.0187576139621
0.375 0.0188033999356
0.371428571429 0.0198982381583
0.37037037037 0.0198982381583
0.368421052632 0.0198982381583
0.366666666667 0.0200756588054
0.365853658537 0.0200756588054
0.364705882353 0.0200756588054
0.363636363636 0.0203045886728
0.36 0.0212680712372
0.358974358974 0.0212680712372
0.357142857143 0.0212680712372
0.354838709677 0.0215824432212
0.353846153846 0.0215824432212
0.352941176471 0.0216854616615
0.352112676056 0.0220935811795
0.351351351351 0.022139367153
0.35 0.0222767250734
0.348623853211 0.0224598689672
0.347826086957 0.0227341695921
0.346153846154 0.0227341695921
0.344827586207 0.0228028485523
0.342857142857 0.023177853285
0.339622641509 0.0232923182187
0.3359375 0.0234754621125
0.333333333333 0.0236414362663
0.326923076923 0.0264929712803
0.326530612245 0.0265845432273
0.325581395349 0.0265845432273
0.324324324324 0.0266303292007
0.322580645161 0.0269061896909
0.321428571429 0.0270206546245
0.320512820513 0.0268600670558
0.32 0.0268600670558
0.31884057971 0.027010129326
0.318181818182 0.027010129326
0.315789473684 0.0275568629056
0.314814814815 0.027872265844
0.314285714286 0.0280225617705
0.3125 0.0280225617705
0.311594202899 0.0283188850688
0.310344827586 0.0285936009096
0.30985915493 0.0288683167504
0.308139534884 0.0290571838909
0.307692307692 0.0292328058034
0.306666666667 0.0301088527674
0.306451612903 0.0302897073626
0.305555555556 0.0304499582697
0.305084745763 0.0305014674898
0.304347826087 0.0306914792797
0.30303030303 0.0308602332962
0.302631578947 0.0308602332962
0.3 0.0309117425164
0.299145299145 0.0319435375289
0.298642533937 0.0320671596573
0.297297297297 0.0322731965379
0.296296296296 0.032416277705
0.295454545455 0.0327515559016
0.294573643411 0.0327515559016
0.294117647059 0.0329633160289
0.291666666667 0.0334848574127
0.290322580645 0.0336836993546
0.289473684211 0.0336836993546
0.288888888889 0.0336836993546
0.287234042553 0.0336836993546
0.285714285714 0.033821057275
0.28313253012 0.0348829441071
0.282608695652 0.0351370562598
0.282051282051 0.0352801374269
0.28125 0.0353259234004
0.280701754386 0.0353259234004
0.28 0.0353545396338
0.279069767442 0.0361426998842
0.277777777778 0.0362242224741
0.276595744681 0.0362183728868
0.275862068966 0.0362183728868
0.275 0.0363505526316
0.272727272727 0.0363505526316
0.271186440678 0.0375813865784
0.270588235294 0.0375813865784
0.27027027027 0.0377462160829
0.269230769231 0.0379037961416
0.268292682927 0.0379497993856
0.266666666667 0.0379589565803
0.264705882353 0.0389452567857
0.264150943396 0.0390116464472
0.263736263736 0.0390678383237
0.263157894737 0.0392280892308
0.262711864407 0.0399405457069
0.262295081967 0.0399863316804
0.261904761905 0.0400664571339
0.260869565217 0.0400664571339
0.260273972603 0.0402667059131
0.26 0.04034563695
0.259259259259 0.04034563695
0.257668711656 0.04034563695
0.257142857143 0.0406031830507
0.25641025641 0.0407208911575
0.256097560976 0.0407868373294
0.255813953488 0.0409150380551
0.255319148936 0.0412613316434
0.252525252525 0.0412991050715
0.25 0.0414002430164
0.247311827957 0.0410378451279
0.246835443038 0.0410994800922
0.246575342466 0.0411223730789
0.244755244755 0.0411785653467
0.244444444444 0.0412662665494
0.243902439024 0.0413278700673
0.24358974359 0.0416953222467
0.24347826087 0.0418195792225
0.243243243243 0.041984408727
0.242857142857 0.0419925679252
0.242553191489 0.0419925679252
0.242424242424 0.042274159135
0.241935483871 0.0422250733064
0.241525423729 0.0422250733064
0.241379310345 0.0424596674486
0.241134751773 0.0424994780659
0.240740740741 0.0426075221023
0.240601503759 0.0427803933161
0.24 0.043048698662
0.238095238095 0.0433215760482
0.236842105263 0.0438187278469
0.236363636364 0.0439316058804
0.235632183908 0.0440861335408
0.235294117647 0.0443589191886
0.234741784038 0.0445702770375
0.234042553191 0.0445702770375
0.233333333333 0.044591591652
0.232558139535 0.0445958580723
0.230769230769 0.0446791845279
0.22972972973 0.0451303859816
0.229299363057 0.0449631984277
0.229166666667 0.0450653476094
0.228571428571 0.0452314688031
0.227799227799 0.0453990667352
0.227272727273 0.0457264943591
0.22641509434 0.0459392098796
0.225806451613 0.0459392098796
0.225563909774 0.046017399983
0.225 0.04539599296
0.224719101124 0.0454182312797
0.224489795918 0.045431404366
0.224137931034 0.0456942824854
0.223880597015 0.0455438498886
0.223140495868 0.0457004712348
0.222222222222 0.0456542673852
0.220588235294 0.0463931249245
0.220338983051 0.0464514357345
0.22 0.0464514357345
0.219858156028 0.0464514357345
0.219512195122 0.0464553602466
0.219178082192 0.0465392320891
0.21875 0.0465553640512
0.218181818182 0.0466300056829
0.217391304348 0.0466385993579
0.21686746988 0.0466912162455
0.216666666667 0.0467598952057
0.216216216216 0.0467953793351
0.21568627451 0.0468944641508
0.215189873418 0.0469532015927
0.214953271028 0.0469360318527
0.214765100671 0.0471578935232
0.214611872146 0.0471687141495
0.214285714286 0.0471687141495
0.213793103448 0.0477154576906
0.21359223301 0.0477450182047
0.213235294118 0.0477903463184
0.212765957447 0.0478266189608
0.212121212121 0.0479033104663
0.211538461538 0.0477360743619
0.211111111111 0.0477360743619
0.210526315789 0.0477470860624
0.209302325581 0.0489348850849
0.208333333333 0.0487862985541
0.208 0.0491296211314
0.207692307692 0.0491308384646
0.207547169811 0.0491880709314
0.206896551724 0.0491588031284
0.206349206349 0.049310049912
0.206060606061 0.04934049873
0.205882352941 0.04934049873
0.205479452055 0.0494831796829
0.205128205128 0.0494962613896
0.204819277108 0.0493141667576
0.204545454545 0.0493984710897
0.203883495146 0.0492536261406
0.203703703704 0.0492797862886
0.203539823009 0.0492797862886
0.20325203252 0.0492797862886
0.202898550725 0.0492672976776
0.202797202797 0.0493287729947
0.202702702703 0.0493104858277
0.20253164557 0.0493196443024
0.20202020202 0.0494163501579
0.201754385965 0.0494273878479
0.201550387597 0.0494319830854
0.2 0.049436584723
0.198198198198 0.0445998306188
0.197802197802 0.0446493610569
0.197674418605 0.0446189194363
0.197530864198 0.0446198662591
0.197183098592 0.0446198662591
0.19696969697 0.0447325605633
0.196721311475 0.0447888210232
0.196319018405 0.0447895562938
0.196078431373 0.0447895562938
0.195804195804 0.0447581097239
0.195652173913 0.0448105585849
0.195266272189 0.0447637833993
0.19512195122 0.0447929652345
0.194805194805 0.0444783615679
0.194444444444 0.0445295973732
0.194029850746 0.0444566454388
0.19387755102 0.0444571905099
0.193798449612 0.0444762765251
0.193548387097 0.0444877677813
0.193333333333 0.0445101161214
0.193277310924 0.0445101161214
0.19298245614 0.0447142107822
0.192771084337 0.0447467997662
0.192307692308 0.0447820763494
0.191666666667 0.0449029959903
0.191489361702 0.0448858262502
0.190909090909 0.0448896097936
0.190476190476 0.0448527147761
0.189873417722 0.0452767913672
0.189655172414 0.0452767913672
0.189473684211 0.0451383497051
0.189189189189 0.045129683596
0.188888888889 0.0452209557036
0.188679245283 0.045219068919
0.188524590164 0.0452350940097
0.188405797101 0.0452350940097
0.188340807175 0.0451732677825
0.1875 0.0451788293093
0.18691588785 0.0453186752784
0.186666666667 0.0453292250998
0.186440677966 0.0452817428171
0.186274509804 0.0452781998549
0.186046511628 0.0452781998549
0.185714285714 0.0453166969507
0.185628742515 0.0453639925571
0.185185185185 0.0453639925571
0.185 0.0452693429459
0.184782608696 0.04527282473
0.184713375796 0.0452299695609
0.184615384615 0.0452254422165
0.184210526316 0.0452835834017
0.184 0.0449457755985
0.183673469388 0.0450174510467
0.183544303797 0.045001903936
0.183333333333 0.0450115637046
0.183246073298 0.0450939784568
0.18320610687 0.045162657417
0.183098591549 0.0449597070641
0.182926829268 0.0448964813746
0.182835820896 0.0448964813746
0.182692307692 0.0448873941616
0.182481751825 0.0448880089405
0.181818181818 0.0449837573107
0.180722891566 0.0441091659746
0.180555555556 0.0442945991671
0.180327868852 0.0442945991671
0.18018018018 0.0443039162712
0.18 0.0443039162712
0.179856115108 0.0442626872708
0.179487179487 0.0442471527441
0.179245283019 0.0439423515749
0.179104477612 0.0439423515749
0.178571428571 0.0439423515749
0.178403755869 0.0442185796612
0.178343949045 0.0442185796612
0.178217821782 0.0442908654796
0.178082191781 0.0442908654796
0.177966101695 0.0442908654796
0.177884615385 0.0442908654796
0.177777777778 0.0442868647338
0.177570093458 0.0439425159496
0.177419354839 0.0439345034042
0.177215189873 0.0439749972327
0.176991150442 0.0439836716887
0.176470588235 0.0440435393361
0.176 0.0435685456969
0.175757575758 0.0435685456969
0.175675675676 0.0434735433009
0.175438596491 0.0434735433009
0.175 0.0434761596136
0.174825174825 0.0433602351874
0.174757281553 0.0433602351874
0.174603174603 0.0433680752696
0.173913043478 0.0433464438778
0.173553719008 0.0436196416103
0.173076923077 0.0436236575834
0.172839506173 0.043621953519
0.172727272727 0.043621953519
0.172413793103 0.043621953519
0.172131147541 0.0436237169572
0.171875 0.0436801045639
0.171597633136 0.0437235782192
0.171428571429 0.0437261495051
0.171171171171 0.0431595334676
0.171052631579 0.0431876579711
0.17094017094 0.0431876579711
0.170854271357 0.0431902330962
0.170731707317 0.0431902330962
0.170347003155 0.043341792736
0.170212765957 0.0433564567198
0.169811320755 0.0432691561002
0.169590643275 0.043331760426
0.169491525424 0.043331760426
0.169230769231 0.043331760426
0.169014084507 0.0434040071244
0.168831168831 0.0434016574515
0.168421052632 0.043394786129
0.167741935484 0.043394786129
0.166666666667 0.043397386883
0.165957446809 0.0361959315319
0.165829145729 0.0361993484007
0.16577540107 0.0362443847955
0.165605095541 0.0362455381399
0.165289256198 0.0362478468772
0.165217391304 0.0362478468772
0.165048543689 0.0362478468772
0.164948453608 0.0362478468772
0.164835164835 0.0362501583459
0.164705882353 0.0362482556436
0.164556962025 0.0362482556436
0.164383561644 0.0362136343095
0.164179104478 0.0362136343095
0.16393442623 0.0362318884542
0.163636363636 0.0362992932893
0.163265306122 0.0362739989764
0.162790697674 0.0360125690398
0.162162162162 0.0359686258962
0.161764705882 0.0360390515594
0.161616161616 0.0360418043298
0.161290322581 0.0360418043298
0.16091954023 0.0360447830454
0.160839160839 0.0360929646002
0.160714285714 0.0360929646002
0.160583941606 0.0362371904167
0.16049382716 0.0362371904167
0.160305343511 0.0362901396795
0.16 0.0362901396795
0.159574468085 0.0362391140054
0.159090909091 0.0362413652078
0.158974358974 0.0362326673735
0.158878504673 0.0362973229251
0.15873015873 0.0362973229251
0.158536585366 0.0362973229251
0.158415841584 0.0362973229251
0.158371040724 0.0362973229251
0.158088235294 0.0362984502065
0.157894736842 0.0362858590638
0.157608695652 0.0358880688341
0.157407407407 0.0358880688341
0.157303370787 0.0358963564634
0.157258064516 0.0358819347659
0.157142857143 0.0360459969214
0.156862745098 0.036041061265
0.156626506024 0.0361452059255
0.15652173913 0.0361452059255
0.15625 0.0361713961047
0.155844155844 0.0362317807133
0.155642023346 0.036229556328
0.155555555556 0.0362284731868
0.155172413793 0.0361605636929
0.154929577465 0.0361530558837
0.154867256637 0.0361530558837
0.154838709677 0.0361530558837
0.154761904762 0.0361094175509
0.154639175258 0.0362326758266
0.154545454545 0.0362326758266
0.153846153846 0.0362491171534
0.153284671533 0.0351523418383
0.153153153153 0.03523664058
0.15306122449 0.03523664058
0.152671755725 0.0352391143163
0.152542372881 0.0352400254881
0.152380952381 0.0351764006242
0.152173913043 0.0351997568084
0.152 0.0350570452619
0.151898734177 0.0350579568986
0.151515151515 0.0350579568986
0.151162790698 0.0350189006363
0.150943396226 0.0350189006363
0.150684931507 0.0349505452361
0.150537634409 0.0347939706131
0.150442477876 0.0347079720875
0.15037593985 0.0345819862385
0.15 0.0345819862385
0.149779735683 0.0342708735559
0.149606299213 0.0342812001369
0.149425287356 0.0342812001369
0.149253731343 0.0343355611529
0.148936170213 0.0343456721657
0.14880952381 0.0343324860381
0.148514851485 0.034273568949
0.148387096774 0.0343123347304
0.148148148148 0.0343163599249
0.147887323944 0.0346559780032
0.147651006711 0.0346567996024
0.147540983607 0.0346556692058
0.147368421053 0.0346564912057
0.147058823529 0.034656942199
0.146825396825 0.0346715564993
0.146788990826 0.0346715564993
0.146341463415 0.0346749180255
0.145833333333 0.0346038701572
0.145454545455 0.0345202923922
0.145299145299 0.0345210352687
0.145161290323 0.0345210352687
0.145038167939 0.034519834104
0.144927536232 0.034519834104
0.144736842105 0.0345276801946
0.144578313253 0.0345276801946
0.144444444444 0.0345276801946
0.144329896907 0.0345276801946
0.144230769231 0.0345276801946
0.144144144144 0.0345276801946
0.14406779661 0.0345276801946
0.144 0.0345276801946
0.143911439114 0.0345276801946
0.143617021277 0.0345056996328
0.143459915612 0.0345064395083
0.142857142857 0.0345071797305
0.141975308642 0.026377817581
0.141935483871 0.0264228751399
0.141843971631 0.0264228751399
0.141791044776 0.0264252249366
0.141732283465 0.0264255426525
0.141414141414 0.0264255426525
0.141176470588 0.0264287178102
0.141025641026 0.0263712077774
0.140939597315 0.0263712077774
0.140845070423 0.0263712077774
0.140740740741 0.0263850158529
0.140625 0.0263856044509
0.140540540541 0.0264065248444
0.140350877193 0.0264065248444
0.140186915888 0.0262608667301
0.140127388535 0.0262608667301
0.14 0.0262608667301
0.13986013986 0.0260681156183
0.139784946237 0.0260687044717
0.139534883721 0.0260687044717
0.139303482587 0.0260201932376
0.139240506329 0.0260201932376
0.139130434783 0.0259935522008
0.139072847682 0.0259935522008
0.138888888889 0.0259935522008
0.138613861386 0.0257465867754
0.138461538462 0.0257465867754
0.13829787234 0.0256953837644
0.138211382114 0.0256953837644
0.137931034483 0.0256953837644
0.13768115942 0.0254781225903
0.137614678899 0.0254781225903
0.1375 0.0254781225903
0.137404580153 0.0254769333442
0.137254901961 0.0254775240777
0.137096774194 0.0254759723203
0.13698630137 0.0253364098838
0.136842105263 0.0253370008712
0.13680781759 0.0253346523284
0.136363636364 0.025335835065
0.13612565445 0.0250827066399
0.136 0.0249182986859
0.135922330097 0.0249187165257
0.135802469136 0.0249187165257
0.135714285714 0.0249172094706
0.135593220339 0.0249031997222
0.135416666667 0.0249031997222
0.135265700483 0.0249031997222
0.135135135135 0.0249031997222
0.134831460674 0.0245607448501
0.13475177305 0.0243480638697
0.134715025907 0.0243480638697
0.134615384615 0.0243480638697
0.134453781513 0.0243480638697
0.134328358209 0.0243480638697
0.134146341463 0.0243480638697
0.134020618557 0.0243480638697
0.133858267717 0.0243751218409
0.133757961783 0.0243042557341
0.133720930233 0.0243057556942
0.133333333333 0.0243057556942
0.133027522936 0.0230360090486
0.132978723404 0.0230360090486
0.1328125 0.0230310216479
0.132743362832 0.0230310216479
0.132596685083 0.0230310216479
0.132530120482 0.0230405057473
0.132420091324 0.0230405057473
0.132352941176 0.0230394172105
0.132275132275 0.0230449562024
0.132231404959 0.0230449562024
0.132075471698 0.0230449562024
0.131979695431 0.0230488308713
0.131868131868 0.0230488308713
0.131578947368 0.0230447448509
0.131313131313 0.0230463197351
0.131147540984 0.0230463197351
0.130952380952 0.0230552049423
0.130841121495 0.0230554085183
0.130769230769 0.023049999663
0.130718954248 0.0230502954544
0.130681818182 0.0230663205452
0.130612244898 0.0230667182046
0.130434782609 0.023068446036
0.13023255814 0.0225596108275
0.130208333333 0.0225596108275
0.130081300813 0.0225596108275
0.13 0.0225367348881
0.12987012987 0.0225367348881
0.12962962963 0.022537011748
0.129411764706 0.0225279145799
0.129032258065 0.0224548776427
0.128834355828 0.022394086458
0.128787878788 0.0223942798808
0.128712871287 0.0223942798808
0.128571428571 0.0223942798808
0.128491620112 0.0223046943118
0.128440366972 0.0223032228391
0.128205128205 0.0223036059095
0.128099173554 0.022320638809
0.128 0.0223211833283
0.127906976744 0.0223262706587
0.127659574468 0.0223231150468
0.127516778523 0.022339185152
0.127450980392 0.022339185152
0.127272727273 0.022339185152
0.127118644068 0.0223389319763
0.126984126984 0.0223456958133
0.126923076923 0.0222900711599
0.12676056338 0.0222744734951
0.126582278481 0.0222386158139
0.126436781609 0.0222386158139
0.126315789474 0.0222592446591
0.126213592233 0.0222565663982
0.126126126126 0.0222513020503
0.125984251969 0.0222513020503
0.125714285714 0.0222515740325
0.125 0.0222515740325
0.124481327801 0.0162574886632
0.124352331606 0.0162574886632
0.124183006536 0.0162640523867
0.124087591241 0.0162640523867
0.124031007752 0.0160314360562
0.123931623932 0.0160314360562
0.12389380531 0.0160314360562
0.12380952381 0.0160301445798
0.123711340206 0.0160303546061
0.123595505618 0.016031059582
0.123456790123 0.016031059582
0.123287671233 0.0160312699599
0.123076923077 0.016031335937
0.123015873016 0.0160314906956
0.122905027933 0.0160320107402
0.122807017544 0.0160320107402
0.122641509434 0.0159185694109
0.122448979592 0.0159248746826
0.122302158273 0.0157661655492
0.122270742358 0.0157661655492
0.122222222222 0.0157661655492
0.121951219512 0.0157661655492
0.121621621622 0.0157705384071
0.121495327103 0.0157706441541
0.121428571429 0.0157706441541
0.121212121212 0.0157706441541
0.121052631579 0.0154756801039
0.120879120879 0.0154762930469
0.12077294686 0.0154762930469
0.120689655172 0.0154751408446
0.120567375887 0.0154756519148
0.120481927711 0.0154757541599
0.12037037037 0.0155043486223
0.12030075188 0.0154925563733
0.120218579235 0.0154922049969
0.12 0.0154922049969
0.119760479042 0.0149828821825
0.119658119658 0.0149828821825
0.119565217391 0.0149828821825
0.119469026549 0.0149828821825
0.119402985075 0.0149829796887
0.11935483871 0.0149444783251
0.119266055046 0.0149444783251
0.119047619048 0.0149445759893
0.118811881188 0.0145737751725
0.118644067797 0.0145101925578
0.118421052632 0.0145107681301
0.118343195266 0.0145108640895
0.118279569892 0.0145108640895
0.118181818182 0.0145117281186
0.11811023622 0.0145126889837
0.117647058824 0.0145126889837
0.11744966443 0.01391857739
0.1171875 0.0139188502756
0.117117117117 0.0139188502756
0.117021276596 0.0139177966042
0.116959064327 0.0139177966042
0.116883116883 0.0139177966042
0.116788321168 0.0139178875901
0.116666666667 0.0139104948683
0.116504854369 0.0137475405878
0.116279069767 0.0137477210418
0.116129032258 0.0136740747302
0.116071428571 0.0136742555355
0.115942028986 0.0136742555355
0.115789473684 0.0136756125578
0.115702479339 0.013694082847
0.115646258503 0.0136936492522
0.115511551155 0.0136936492522
0.115384615385 0.0137069514432
0.115107913669 0.0137416196783
0.115044247788 0.0137417104436
0.114942528736 0.0137417104436
0.114893617021 0.013690422914
0.114864864865 0.013690422914
0.114754098361 0.0136905132814
0.114583333333 0.013656480389
0.114503816794 0.013656480389
0.114457831325 0.013656480389
0.114285714286 0.0136565709892
0.114130434783 0.0136188904628
0.114035087719 0.0136188904628
0.113924050633 0.0136188904628
0.113636363636 0.0136025163829
0.11356466877 0.0135485180436
0.113402061856 0.0135485180436
0.113300492611 0.013548784472
0.11320754717 0.013548784472
0.112903225806 0.0135340616508
0.112781954887 0.0135341505485
0.112676056338 0.0135344172839
0.1125 0.0135345062098
0.112359550562 0.0135345062098
0.112299465241 0.0135345062098
0.112244897959 0.0135345062098
0.11214953271 0.0135345062098
0.112068965517 0.0135345062098
0.112 0.0135346840826
0.111940298507 0.0135346840826
0.111888111888 0.01353632649
0.111731843575 0.01353632649
0.11170212766 0.01353632649
0.111524163569 0.01353632649
0.111111111111 0.0135373896183
0.110429447853 0.0100357809824
0.110344827586 0.0100357809824
0.110294117647 0.0100357809824
0.110236220472 0.0100357809824
0.110169491525 0.0100357809824
0.110091743119 0.0100199670796
0.110062893082 0.0100199670796
0.11 0.0100202122384
0.10989010989 0.0100202939697
0.109756097561 0.0100206209535
0.109589041096 0.0100209480308
0.109489051095 0.0100221485696
0.109375 0.0100221485696
0.109243697479 0.0100221485696
0.109195402299 0.0100223938928
0.109090909091 0.0100223938928
0.109004739336 0.0100392051428
0.108910891089 0.0100392051428
0.108843537415 0.0100392051428
0.108695652174 0.0100392588041
0.108527131783 0.00991793422055
0.10843373494 0.00991809308029
0.108374384236 0.00991817251841
0.108108108108 0.00991817251841
0.107981220657 0.00969534078342
0.107954545455 0.00969534078342
0.107843137255 0.00969549916069
0.107784431138 0.00969549916069
0.107692307692 0.00969557835746
0.10752688172 0.0096723461524
0.107438016529 0.00967242535716
0.107382550336 0.00967242535716
0.107142857143 0.00967242535716
0.106951871658 0.00952986310263
0.106870229008 0.00952986310263
0.106796116505 0.00952986310263
0.106666666667 0.0095299420324
0.106557377049 0.0095299420324
0.106382978723 0.0095300209675
0.106194690265 0.00953405007655
0.106145251397 0.00953405007655
0.106060606061 0.00953405007655
0.105960264901 0.00953454866254
0.105882352941 0.00953454866254
0.10582010582 0.00953454866254
0.105769230769 0.00953454866254
0.105691056911 0.00953470673645
0.105633802817 0.00953470673645
0.105555555556 0.00953470673645
0.105527638191 0.00953470673645
0.105454545455 0.00953470673645
0.105263157895 0.00953486483164
0.104895104895 0.00885470705404
0.104838709677 0.00885501823977
0.104761904762 0.00885501823977
0.104651162791 0.00885501823977
0.104575163399 0.00886810700472
0.10447761194 0.00886810700472
0.104395604396 0.00886818481374
0.104347826087 0.00886818481374
0.104166666667 0.00883952934057
0.104 0.00884310500621
0.103896103896 0.00884310500621
0.103825136612 0.00883388359917
0.103773584906 0.00883388359917
0.103703703704 0.00883396159284
0.103448275862 0.00883396159284
0.103174603175 0.00849694263446
0.103092783505 0.00851325399675
0.102941176471 0.00851333215525
0.102836879433 0.00849835016095
0.102803738318 0.00849905453026
0.102564102564 0.00849905453026
0.102362204724 0.00844231461189
0.102272727273 0.0084424706506
0.102127659574 0.00844278278734
0.102040816327 0.00844278278734
0.101910828025 0.00837569828654
0.101851851852 0.00837569828654
0.101796407186 0.00837569828654
0.101694915254 0.00837569828654
0.101604278075 0.00837608791677
0.1015625 0.00837608791677
0.101503759398 0.00837639970962
0.101449275362 0.00837639970962
0.101321585903 0.00837686754669
0.101265822785 0.00837686754669
0.10119047619 0.00837686754669
0.101123595506 0.00837686754669
0.10101010101 0.00837686754669
0.100917431193 0.00837749160531
0.100840336134 0.00837749160531
0.100775193798 0.00835580923343
0.10067114094 0.00840175126472
0.100591715976 0.00840175126472
0.100529100529 0.00840182930098
0.1 0.00840182930098
0.0995260663507 0.00568417178127
0.0994475138122 0.00568460993004
0.0994152046784 0.00568468296927
0.0993788819876 0.00568490211169
0.0992366412214 0.00557080249787
0.099173553719 0.00557080249787
0.0990990990991 0.00557080249787
0.0990566037736 0.00557109482797
0.0990099009901 0.00557109482797
0.0989583333333 0.00557109482797
0.0989010989011 0.00557204535647
0.0987654320988 0.00553805577358
0.0986842105263 0.00553856843371
0.0985915492958 0.00553871494514
0.0985221674877 0.00551083151631
0.0984848484848 0.00551083151631
0.0984251968504 0.0055111247536
0.0983606557377 0.0055111247536
0.0982905982906 0.00548362739309
0.0982142857143 0.00548384725338
0.0981595092025 0.00548384725338
0.0981308411215 0.00548384725338
0.0980392156863 0.00548384725338
0.0979020979021 0.00545348717749
0.0978260869565 0.00545363372185
0.0977011494253 0.00545370700017
0.0975609756098 0.00545370700017
0.0973782771536 0.00539731249245
0.0973451327434 0.00539731249245
0.0972972972973 0.00539731249245
0.0972222222222 0.00539731249245
0.0970873786408 0.0054043162947
0.0970149253731 0.0054043162947
0.0969696969697 0.0054043162947
0.0967741935484 0.0054043162947
0.0965909090909 0.00520949145183
0.0964912280702 0.00520949145183
0.0963855421687 0.00520949145183
0.0962962962963 0.00520956488881
0.0961538461538 0.00520956488881
0.0960698689956 0.00516647463259
0.096 0.00516662157369
0.0958904109589 0.00516684201566
0.0957446808511 0.00515708672917
0.095652173913 0.00515723330965
0.0955056179775 0.00515723330965
0.0952380952381 0.00515723330965
0.0949720670391 0.00479155864
0.0949367088608 0.00479155864
0.0948905109489 0.00479155864
0.0948275862069 0.00479170457857
0.0947368421053 0.00479170457857
0.0946502057613 0.00479170457857
0.0946372239748 0.00479177755375
0.0945945945946 0.00479177755375
0.0944881889764 0.0047922154873
0.0943396226415 0.0047922154873
0.0942028985507 0.00479345706692
0.0941704035874 0.00479345706692
0.0941176470588 0.00479345706692
0.0940170940171 0.00482207330034
0.0939597315436 0.00482207330034
0.093896713615 0.00482207330034
0.09375 0.00482207330034
0.0936454849498 0.0048399726427
0.0935960591133 0.0048399726427
0.0935251798561 0.0048401191013
0.0934959349593 0.0048401191013
0.0934844192635 0.00484026557549
0.0934579439252 0.00484099818028
0.0934065934066 0.00484136462883
0.0933333333333 0.00484136462883
0.0932203389831 0.00484136462883
0.0931677018634 0.00484136462883
0.093023255814 0.00484136462883
0.0928961748634 0.00481479967351
0.0928571428571 0.00481479967351
0.0927835051546 0.00481516639377
0.0926517571885 0.00481516639377
0.0925925925926 0.0048153131091
0.0925373134328 0.004816267138
0.0924855491329 0.004816267138
0.0924369747899 0.004816267138
0.0923076923077 0.004816267138
0.0921985815603 0.00481729528889
0.0921052631579 0.00481729528889
0.092050209205 0.00481751570613
0.0920245398773 0.00481751570613
0.0919540229885 0.00481751570613
0.0918918918919 0.00481751570613
0.0918367346939 0.00481751570613
0.0917431192661 0.0048176626704
0.0916666666667 0.0048176626704
0.0916030534351 0.0048176626704
0.0915492957746 0.00481832420216
0.0909090909091 0.00481832420216
0.0906735751295 0.00406099136921
0.0905923344948 0.00406099136921
0.0904522613065 0.00406099136921
0.090395480226 0.0040610628585
0.0903614457831 0.00406113435138
0.0903225806452 0.00406127734786
0.0902777777778 0.00406127734786
0.0902255639098 0.00406127734786
0.0901639344262 0.00406127734786
0.0900900900901 0.00406127734786
0.0900473933649 0.00406158303385
0.09 0.00406158303385
0.0899470899471 0.0040618690848
0.0898876404494 0.0040618690848
0.0897959183673 0.00404498545296
0.0897435897436 0.00404498545296
0.0897009966777 0.00404520007169
0.0896860986547 0.00404534316874
0.0896551724138 0.00404541472263
0.089552238806 0.00404541472263
0.0894308943089 0.00404562940578
0.0893470790378 0.00404562940578
0.0892857142857 0.00404562940578
0.089219330855 0.0040257415608
0.0891719745223 0.00402581316479
0.0891089108911 0.00402581316479
0.0890410958904 0.00402581316479
0.0888888888889 0.00402595638351
0.088785046729 0.00403055519162
0.0887573964497 0.00403055519162
0.0887096774194 0.00403055519162
0.0886075949367 0.00403055519162
0.0885245901639 0.00403084203409
0.0884353741497 0.00403084203409
0.0883977900552 0.00403084203409
0.0882352941176 0.00403084203409
0.0881355932203 0.0039329502402
0.0881057268722 0.0039329502402
0.0880503144654 0.0039329502402
0.088 0.00393302190699
0.0879120879121 0.00393323692864
0.0878661087866 0.00393330860963
0.0878048780488 0.00393338029416
0.0877192982456 0.00393338029416
0.0875912408759 0.00393474297479
0.0875420875421 0.00393474297479
0.0875 0.00393474297479
0.0873786407767 0.0039348864894
0.0873493975904 0.00390662910464
0.0873015873016 0.00390662910464
0.0872093023256 0.00390662910464
0.0871369294606 0.00390662910464
0.0869565217391 0.00390677266894
0.0868167202572 0.00384410865963
0.0866666666667 0.00384410865963
0.0866141732283 0.00384410865963
0.0865384615385 0.00384410865963
0.0864864864865 0.00384410865963
0.0864197530864 0.00384410865963
0.0863309352518 0.00384453993484
0.0862068965517 0.00384453993484
0.0860927152318 0.0038376153782
0.0860655737705 0.0038376153782
0.0860215053763 0.0038376153782
0.0859375 0.00383768720617
0.0858895705521 0.00383768720617
0.0858585858586 0.00383768720617
0.0858369098712 0.00383768720617
0.0857142857143 0.00383768720617
0.0856031128405 0.00404909219937
0.0855614973262 0.00404909219937
0.0855263157895 0.00404909219937
0.0855018587361 0.00404909219937
0.0854700854701 0.00404909219937
0.0853658536585 0.00404916403938
0.0852713178295 0.00404916403938
0.0852272727273 0.00404916403938
0.085201793722 0.00404923588286
0.0851063829787 0.00404923588286
0.085 0.00405017016378
0.0849056603774 0.00405017016378
0.0848484848485 0.00405031395134
0.0847457627119 0.00405031395134
0.0846153846154 0.00405074539728
0.0845771144279 0.00405074539728
0.0845070422535 0.00405074539728
0.084388185654 0.00402576021512
0.0843373493976 0.00402576021512
0.0842105263158 0.00402576021512
0.0841121495327 0.00402583218316
0.0840336134454 0.00402583218316
0.0839694656489 0.00402583218316
0.0839160839161 0.00402597612964
0.0838709677419 0.00402626406421
0.0837438423645 0.00402633605652
0.0837209302326 0.0040264080523
0.0833333333333 0.00402648005155
0.0829268292683 0.00275510087991
0.0828402366864 0.00275510087991
0.0827586206897 0.00275510087991
0.0827067669173 0.00275510087991
0.0826666666667 0.00275510087991
0.0826446280992 0.00275510087991
0.0825688073394 0.00275517219275
0.0824742268041 0.00274014582705
0.0824175824176 0.00274014582705
0.0823529411765 0.00274014582705
0.0821917808219 0.00274021718922
0.0821256038647 0.00274043129542
0.0820895522388 0.00274043129542
0.0819672131148 0.00274043129542
0.0818713450292 0.00274064543122
0.0818181818182 0.00274064543122
0.0817610062893 0.00274064543122
0.0817120622568 0.00274093099165
0.0816326530612 0.00274093099165
0.0815217391304 0.00266676932347
0.0814814814815 0.00266676932347
0.0813953488372 0.00266676932347
0.0813008130081 0.00266676932347
0.08125 0.00266676932347
0.0810810810811 0.00266676932347
0.0809248554913 0.00266836148773
0.0808823529412 0.00266836148773
0.0808510638298 0.00266836148773
0.0808080808081 0.00266857609526
0.0807453416149 0.00266857609526
0.0807291666667 0.00266857609526
0.0807174887892 0.00266857609526
0.0806451612903 0.00266857609526
0.0805687203791 0.00266864763767
0.0805369127517 0.00266864763767
0.0804597701149 0.00266864763767
0.0804020100503 0.00266871918337
0.0803571428571 0.00266871918337
0.0802919708029 0.00266871918337
0.0802469135802 0.00266871918337
0.08 0.00266871918337
0.0798319327731 0.00251756305005
0.0797872340426 0.00251756305005
0.0797101449275 0.00251756305005
0.0796460176991 0.00251763468453
0.0796019900498 0.00251763468453
0.0795454545455 0.00251763468453
0.0794701986755 0.00251763468453
0.0793650793651 0.00251763468453
0.079295154185 0.00251892466256
0.0792079207921 0.00251892466256
0.0791366906475 0.00251892466256
0.0790960451977 0.00251899635898
0.0789473684211 0.00251899635898
0.0787878787879 0.00245446852451
0.0787401574803 0.00245446852451
0.0787037037037 0.00245446852451
0.0786516853933 0.00245446852451
0.0785714285714 0.00245489937124
0.0785340314136 0.00245489937124
0.0785123966942 0.00245489937124
0.078431372549 0.00245489937124
0.0783410138249 0.00245568956093
0.078313253012 0.00245568956093
0.0782608695652 0.00245568956093
0.078125 0.00245568956093
0.0780487804878 0.0024559051355
0.0780141843972 0.0024559051355
0.0779220779221 0.0024559051355
0.077868852459 0.00245604886813
0.0778443113772 0.00245604886813
0.0777777777778 0.00245604886813
0.0777202072539 0.00245619261377
0.0776699029126 0.00245619261377
0.0776255707763 0.00245633637242
0.0775862068966 0.00245633637242
0.077519379845 0.00245633637242
0.0774647887324 0.00245633637242
0.077380952381 0.00245633637242
0.0773480662983 0.00245633637242
0.0773195876289 0.00245633637242
0.0771929824561 0.00245633637242
0.0769230769231 0.00245633637242
0.0765027322404 0.00194797184172
0.0764705882353 0.00194797184172
0.0764331210191 0.00194797184172
0.0763888888889 0.00194804284548
0.0762711864407 0.00194804284548
0.0761904761905 0.00194804284548
0.0760869565217 0.00194804284548
0.0759493670886 0.00194811385235
0.0758620689655 0.00194818486235
0.0758293838863 0.00194818486235
0.0758122743682 0.00190268296004
0.0757575757576 0.00190268296004
0.0756972111554 0.00190310916034
0.0756756756757 0.00190310916034
0.0756302521008 0.00190310916034
0.0755813953488 0.00190310916034
0.0755555555556 0.00190310916034
0.0754716981132 0.00190310916034
0.0753968253968 0.00190426475555
0.0753424657534 0.00190426475555
0.0752688172043 0.00190426475555
0.0752212389381 0.00190433580774
0.0751879699248 0.00190433580774
0.075 0.00190433580774
0.0749063670412 0.00189866593215
0.0748898678414 0.00189866593215
0.0748663101604 0.00189866593215
0.0748299319728 0.00189866593215
0.0747663551402 0.00189866593215
0.0747330960854 0.00189873702401
0.0747126436782 0.00189873702401
0.0746268656716 0.00189873702401
0.0745762711864 0.00189944811367
0.0745614035088 0.00189944811367
0.0745341614907 0.00189944811367
0.0745098039216 0.00189944811367
0.0744680851064 0.00189944811367
0.0743801652893 0.00189951923973
0.0743243243243 0.00189959036891
0.0742857142857 0.00189959036891
0.0740740740741 0.00189959036891
0.0738916256158 0.0018758873643
0.0738636363636 0.0018758873643
0.0738255033557 0.0018758873643
0.0738007380074 0.0018758873643
0.0737704918033 0.0018758873643
0.073732718894 0.0018758873643
0.0736842105263 0.0018758873643
0.0736196319018 0.0018758873643
0.0735930735931 0.0018758873643
0.0735294117647 0.0018758873643
0.0733944954128 0.00187625040552
0.0733590733591 0.00187632165595
0.0733333333333 0.00187632165595
0.0732984293194 0.00187632165595
0.073275862069 0.00187632165595
0.0731707317073 0.00187632165595
0.0730337078652 0.00182918899
0.0729927007299 0.00182918899
0.0729613733906 0.00182918899
0.0729166666667 0.00182918899
0.0728476821192 0.00182918899
0.0727272727273 0.00182918899
0.0725806451613 0.00182954522599
0.0725388601036 0.00182954522599
0.0724637681159 0.00182954522599
0.0723684210526 0.00183013686032
0.0722891566265 0.00183013686032
0.0722222222222 0.00183035049165
0.072202166065 0.00183035049165
0.0721649484536 0.00183035049165
0.0721153846154 0.00183049292798
0.0720720720721 0.00183049292798
0.072 0.00183049292798
0.0719424460432 0.00183049292798
0.0718954248366 0.00183049292798
0.0718562874251 0.00183049292798
0.0718232044199 0.00183049292798
0.0717703349282 0.00183049292798
0.0717131474104 0.00183049292798
0.0714285714286 0.00183049292798
0.0712401055409 0.00137775423115
0.0711974110032 0.00137775423115
0.071129707113 0.00137775423115
0.0710900473934 0.00137782540228
0.0710659898477 0.00137782540228
0.0710382513661 0.00137782540228
0.0710059171598 0.00137782540228
0.0709219858156 0.00137782540228
0.0708661417323 0.00137782540228
0.070796460177 0.00137782540228
0.0707070707071 0.00137782540228
0.070652173913 0.00137782540228
0.0705882352941 0.00137684764889
0.0705394190871 0.00137684764889
0.0705128205128 0.00137684764889
0.0704225352113 0.00137684764889
0.0703703703704 0.00137691847682
0.0703125 0.00137691847682
0.0701754385965 0.00137691847682
0.0700934579439 0.00137713097861
0.0700636942675 0.00137713097861
0.07 0.00137713097861
0.0699588477366 0.00137713097861
0.0699300699301 0.00137713097861
0.0697674418605 0.00137713097861
0.0696517412935 0.00135404861545
0.0696202531646 0.00135404861545
0.0695652173913 0.00135404861545
0.0695187165775 0.00135404861545
0.0694444444444 0.00135404861545
0.0693430656934 0.00135411949891
0.0693069306931 0.00135411949891
0.0692640692641 0.00135411949891
0.0692307692308 0.00135411949891
0.0691823899371 0.00135411949891
0.0691489361702 0.00135411949891
0.0691244239631 0.00135411949891
0.0689655172414 0.00135411949891
0.0688073394495 0.00135887975073
0.0687830687831 0.00135887975073
0.06875 0.00135887975073
0.0687022900763 0.00135887975073
0.068669527897 0.00135887975073
0.0686274509804 0.00135887975073
0.0684931506849 0.00135895065367
0.0684410646388 0.00135923429527
0.0683760683761 0.00135923429527
0.0683229813665 0.00135923429527
0.0681818181818 0.00135923429527
0.0680628272251 0.00135836898334
0.0680272108844 0.00135836898334
0.0679611650485 0.00135836898334
0.0679012345679 0.00135843974608
0.0677966101695 0.00135843974608
0.0676691729323 0.00135900595486
0.0676328502415 0.00135900595486
0.0675675675676 0.00135900595486
0.0675105485232 0.00135907674432
0.0674846625767 0.00135907674432
0.0674603174603 0.00135907674432
0.0674157303371 0.00135907674432
0.0673575129534 0.00135907674432
0.0673076923077 0.00135907674432
0.067264573991 0.00135907674432
0.0672268907563 0.00135907674432
0.0671641791045 0.00135907674432
0.0671140939597 0.00135907674432
0.0670391061453 0.00135914753674
0.066985645933 0.00135914753674
0.066889632107 0.00135914753674
0.0666666666667 0.00135921833213
0.0664335664336 0.00130290853674
0.06640625 0.00130290853674
0.0663716814159 0.00130297883083
0.0663507109005 0.00130297883083
0.0663265306122 0.00130297883083
0.0662983425414 0.00130297883083
0.066265060241 0.00130297883083
0.0662251655629 0.00130297883083
0.0661764705882 0.00130297883083
0.0661157024793 0.00130297883083
0.0660792951542 0.00130297883083
0.0660377358491 0.00130297883083
0.0659340659341 0.00130297883083
0.0658682634731 0.00130297883083
0.0657894736842 0.00130297883083
0.0657276995305 0.00130304912784
0.0656934306569 0.00130304912784
0.0656565656566 0.00130304912784
0.065625 0.00130304912784
0.0655737704918 0.00130304912784
0.0655021834061 0.00130326003629
0.0654761904762 0.00130326003629
0.0654545454545 0.00130326003629
0.0654205607477 0.00130326003629
0.0653594771242 0.00130333034492
0.0653266331658 0.00130333034492
0.0652173913043 0.00130333034492
0.0651558073654 0.00130424462181
0.0651162790698 0.00130424462181
0.0650406504065 0.00130424462181
0.065 0.00130424462181
0.0649350649351 0.00130424462181
0.0648648648649 0.00128828708228
0.0648148148148 0.00128828708228
0.0647773279352 0.00128828708228
0.0647482014388 0.00128835741396
0.0647058823529 0.00128835741396
0.0646766169154 0.00128835741396
0.0646551724138 0.00128835741396
0.0645161290323 0.00128835741396
0.0643776824034 0.0012903261837
0.0643274853801 0.0012903261837
0.0642857142857 0.0012903261837
0.0642201834862 0.0012903261837
0.0641509433962 0.0012903261837
0.0641025641026 0.0012903261837
0.064039408867 0.0012903261837
0.064 0.0012903261837
0.0639534883721 0.0012903261837
0.0639269406393 0.0012903261837
0.0639097744361 0.0012903261837
0.063829787234 0.0012903261837
0.0637254901961 0.00129173484878
0.0636942675159 0.00129173484878
0.0636363636364 0.00129173484878
0.0635838150289 0.00129180531254
0.0634920634921 0.00129180531254
0.0634146341463 0.00129201672127
0.0633802816901 0.00129201672127
0.0633484162896 0.00129201672127
0.0632911392405 0.00129201672127
0.0631578947368 0.00129222815614
0.0631067961165 0.00129222815614
0.0630630630631 0.00129222815614
0.0629921259843 0.00129222815614
0.062962962963 0.00129222815614
0.0629370629371 0.00129229864024
0.0629139072848 0.00129229864024
0.062893081761 0.00129229864024
0.0628571428571 0.00129229864024
0.0628272251309 0.00129229864024
0.0625 0.00129229864024
0.0622406639004 0.00127338929937
0.0622222222222 0.00127338929937
0.0621761658031 0.00127338929937
0.0621468926554 0.00127338929937
0.0621118012422 0.00127338929937
0.0620689655172 0.00127338929937
0.0620437956204 0.00127338929937
0.062015503876 0.00127346004135
0.0619469026549 0.00127346004135
0.0618556701031 0.00127346004135
0.0617283950617 0.00127346004135
0.0616740088106 0.00127346004135
0.0616438356164 0.00127346004135
0.0616113744076 0.00127346004135
0.0615384615385 0.001273601534
0.0614525139665 0.00127374303822
0.0614035087719 0.00127374303822
0.061320754717 0.00127381379467
0.0612244897959 0.00127381379467
0.061135371179 0.00127493902325
0.0611111111111 0.00127493902325
0.0610687022901 0.00127493902325
0.0610328638498 0.00127493902325
0.0609756097561 0.00127493902325
0.0609137055838 0.00127550538264
0.0608695652174 0.00127550538264
0.0608108108108 0.00127550538264
0.060773480663 0.00127550538264
0.0606060606061 0.00127550538264
0.0604395604396 0.00127646224035
0.0604026845638 0.00127646224035
0.0603773584906 0.00127646224035
0.0603448275862 0.00127646224035
0.0603015075377 0.00127646224035
0.0602409638554 0.00127646224035
0.0602006688963 0.00127653299496
0.0601851851852 0.00127653299496
0.0601503759398 0.00127653299496
0.0601092896175 0.00127660375245
0.06 0.00127674527609
0.059925093633 0.00127766143215
0.0599078341014 0.00127766143215
0.059880239521 0.00127766143215
0.0598290598291 0.00127766143215
0.0597826086957 0.00127766143215
0.0597609561753 0.00127766143215
0.0597014925373 0.00127766143215
0.0596026490066 0.00128004374417
0.0595238095238 0.00128004374417
0.0594594594595 0.00128004374417
0.0594059405941 0.00128004374417
0.0593220338983 0.00128004374417
0.0592885375494 0.0012801145728
0.0592592592593 0.0012801145728
0.0592105263158 0.0012801145728
0.0591715976331 0.00128032707595
0.0591397849462 0.00128032707595
0.0591133004926 0.00128032707595
0.0590909090909 0.00128032707595
0.0590551181102 0.00128032707595
0.0588235294118 0.00128032707595
0.05859375 0.00107393645029
0.0585365853659 0.00107393645029
0.0585106382979 0.00107393645029
0.0584795321637 0.00107393645029
0.0584415584416 0.00107393645029
0.0583941605839 0.00107393645029
0.0583333333333 0.00107393645029
0.0582959641256 0.00107393645029
0.0582524271845 0.00107393645029
0.0582010582011 0.00107393645029
0.0581395348837 0.00107400675192
0.0581039755352 0.00107400675192
0.0580912863071 0.00107407705639
0.058064516129 0.00107407705639
0.0579710144928 0.00107407705639
0.0578947368421 0.00107414736369
0.0578512396694 0.00107414736369
0.0578231292517 0.00107414736369
0.0578034682081 0.00107414736369
0.0576923076923 0.00107414736369
0.0575916230366 0.00107442862126
0.0575539568345 0.00107442862126
0.0574712643678 0.00107442862126
0.0573770491803 0.00107442862126
0.0573248407643 0.00107442862126
0.0571428571429 0.00107442862126
0.0569948186528 0.00107576059677
0.0569620253165 0.00107576059677
0.0569105691057 0.00107576059677
0.0568720379147 0.00107576059677
0.0568181818182 0.00107576059677
0.056768558952 0.00107576059677
0.0567375886525 0.00107576059677
0.0567010309278 0.00107576059677
0.0566801619433 0.00107576059677
0.0566037735849 0.00107576059677
0.0564971751412 0.00107597170048
0.0564516129032 0.00107597170048
0.0564102564103 0.00107597170048
0.056338028169 0.00107597170048
0.05625 0.00107604207405
0.0562248995984 0.00107604207405
0.0561797752809 0.00107604207405
0.0560747663551 0.00107618282971
0.056 0.00107625321179
0.0559440559441 0.00107625321179
0.055900621118 0.00107625321179
0.0558659217877 0.0010763235967
0.0558375634518 0.0010763235967
0.0558139534884 0.0010763235967
0.0557939914163 0.0010763235967
0.0555555555556 0.0010763235967
0.0553633217993 0.00107710229864
0.0553359683794 0.00107710229864
0.0552995391705 0.00107710229864
0.0552763819095 0.00107710229864
0.0552486187845 0.00107710229864
0.0552147239264 0.00107710229864
0.0551724137931 0.00107710229864
0.0551181102362 0.00107710229864
0.0550847457627 0.00107710229864
0.0550458715596 0.00107710229864
0.0550161812298 0.00107710229864
0.055 0.00107710229864
0.0549828178694 0.00107710229864
0.0549450549451 0.00107710229864
0.0548780487805 0.00107710229864
0.0548523206751 0.00107710229864
0.0547945205479 0.00107710229864
0.0547263681592 0.00107717228538
0.0546875 0.00107717228538
0.0546448087432 0.00107717228538
0.0546218487395 0.00107717228538
0.0545454545455 0.00107717228538
0.0544554455446 0.00107752226109
0.0544217687075 0.00107752226109
0.054347826087 0.00107752226109
0.0542635658915 0.00107752226109
0.0542168674699 0.00107752226109
0.0541871921182 0.00107752226109
0.0540540540541 0.00107752226109
0.0539215686275 0.00107964213622
0.0538922155689 0.00107964213622
0.0538461538462 0.00107964213622
0.0538116591928 0.00107964213622
0.0537634408602 0.00107964213622
0.0536912751678 0.00107964213622
0.0536585365854 0.00107964213622
0.0535714285714 0.00107964213622
0.0534979423868 0.00107999210595
0.0534759358289 0.00107999210595
0.0534351145038 0.00107999210595
0.0533980582524 0.00107999210595
0.0533333333333 0.00107999210595
0.0532544378698 0.00108006210827
0.0532319391635 0.00108006210827
0.0531914893617 0.00108006210827
0.0531400966184 0.00108006210827
0.0530973451327 0.00108006210827
0.0530303030303 0.00108013211339
0.0529801324503 0.00108013211339
0.0529411764706 0.00108013211339
0.0529100529101 0.00108013211339
0.0528846153846 0.00108013211339
0.0528634361233 0.00108013211339
0.0528455284553 0.00108013211339
0.0526315789474 0.00108013211339
0.0524193548387 0.00103207678475
0.0523560209424 0.00103207678475
0.0523255813953 0.00103207678475
0.0522875816993 0.00103207678475
0.0522648083624 0.00103207678475
0.0522388059701 0.00103207678475
0.0521739130435 0.00103207678475
0.0520833333333 0.00103207678475
0.0520231213873 0.00103207678475
0.0519480519481 0.00103207678475
0.0518518518519 0.00103207678475
0.051724137931 0.00103207678475
0.0516431924883 0.00103214656461
0.0516129032258 0.00103214656461
0.0515463917526 0.00103214656461
0.0514705882353 0.00103214656461
0.0514285714286 0.00103214656461
0.0514018691589 0.00103214656461
0.0513833992095 0.00103214656461
0.0512820512821 0.00103214656461
0.0511945392491 0.00103263510133
0.0511363636364 0.00103263510133
0.0510948905109 0.00103263510133
0.0510638297872 0.00103263510133
0.0510204081633 0.00103270490339
0.0509554140127 0.00103270490339
0.0509259259259 0.00103270490339
0.0508474576271 0.00103270490339
0.0507614213198 0.00103277470822
0.0507246376812 0.00103277470822
0.0506912442396 0.00103277470822
0.0506329113924 0.00103277470822
0.0505617977528 0.00103298413936
0.0505050505051 0.00103298413936
0.0504587155963 0.00103305395529
0.0504201680672 0.00103305395529
0.0503875968992 0.00103305395529
0.0503597122302 0.00103305395529
0.0503144654088 0.00103305395529
0.0502793296089 0.00103305395529
0.0502512562814 0.00103305395529
0.0502283105023 0.00103305395529
0.0501930501931 0.00103305395529
0.05 0.00103305395529
0.0498338870432 0.00103313466817
0.0497512437811 0.00103313466817
0.0497237569061 0.00103313466817
0.0496894409938 0.00103313466817
0.0496453900709 0.00103313466817
0.0495867768595 0.00103313466817
0.0495495495495 0.00103313466817
0.049504950495 0.00103313466817
0.0494505494505 0.00103313466817
0.0494186046512 0.00103313466817
0.0493827160494 0.00103313466817
0.0493273542601 0.00103313466817
0.0492957746479 0.00103313466817
0.0492610837438 0.00103313466817
0.0492424242424 0.00103313466817
0.0491803278689 0.00103313466817
0.0491071428571 0.0010332043811
0.0490797546012 0.0010332043811
0.0490196078431 0.0010332043811
0.048951048951 0.0010332043811
0.0489130434783 0.0010332043811
0.0488888888889 0.0010332043811
0.0488721804511 0.0010332043811
0.0487804878049 0.0010332043811
0.0486891385768 0.00103383192189
0.0486725663717 0.00103383192189
0.0486486486486 0.00103383192189
0.0486111111111 0.00103383192189
0.0485436893204 0.00103383192189
0.0484848484848 0.00103383192189
0.0484581497797 0.00103383192189
0.0483870967742 0.00103383192189
0.048309178744 0.00103383192189
0.048275862069 0.00103383192189
0.0482456140351 0.00103383192189
0.048231511254 0.00103383192189
0.0481927710843 0.00103383192189
0.048128342246 0.00103383192189
0.0481099656357 0.00103383192189
0.0480769230769 0.00103383192189
0.0480349344978 0.00103383192189
0.048 0.00103383192189
0.0479452054795 0.00103383192189
0.0479041916168 0.00103383192189
0.0478723404255 0.00103383192189
0.0478468899522 0.00103383192189
0.0478260869565 0.00103383192189
0.0478087649402 0.00103383192189
0.047619047619 0.00103383192189
0.0474576271186 0.000935877173467
0.0474137931034 0.000935877173467
0.0473933649289 0.000935877173467
0.0473684210526 0.000935877173467
0.0473372781065 0.000935877173467
0.0472972972973 0.000935877173467
0.0472440944882 0.000935877173467
0.0471698113208 0.000935877173467
0.0471204188482 0.000935877173467
0.0470588235294 0.000935877173467
0.0470085470085 0.000935877173467
0.0469798657718 0.000935877173467
0.0469483568075 0.000935877173467
0.046875 0.000935877173467
0.0468085106383 0.000935877173467
0.046783625731 0.000935877173467
0.0467289719626 0.000935877173467
0.0466666666667 0.000935877173467
0.0466321243523 0.000935946700441
0.0466101694915 0.000935946700441
0.046511627907 0.000935946700441
0.0464285714286 0.000936155297868
0.0464135021097 0.000936155297868
0.0463917525773 0.000936155297868
0.046357615894 0.000936155297868
0.0462962962963 0.000936155297868
0.0462427745665 0.000936155297868
0.0461538461538 0.000936155297868
0.0460829493088 0.000936155297868
0.0460526315789 0.000936155297868
0.0459770114943 0.000936155297868
0.0459183673469 0.000936155297868
0.045871559633 0.000936155297868
0.0458015267176 0.000936155297868
0.0457516339869 0.000936155297868
0.0457142857143 0.000936155297868
0.0456852791878 0.000936155297868
0.0456621004566 0.000936155297868
0.045643153527 0.000936155297868
0.0456273764259 0.000936155297868
0.0454545454545 0.000936155297868
0.0452674897119 0.000937107009808
0.0452261306533 0.000937107009808
0.045197740113 0.000937107009808
0.0451612903226 0.000937107009808
0.0451388888889 0.000937107009808
0.0451127819549 0.000937107009808
0.0450819672131 0.000937107009808
0.045045045045 0.000937107009808
0.045 0.000937107009808
0.0449438202247 0.000937107009808
0.0448717948718 0.000937107009808
0.0448430493274 0.000937107009808
0.0448275862069 0.000937107009808
0.044776119403 0.000937107009808
0.0447154471545 0.00093717654606
0.0446927374302 0.00093717654606
0.0446428571429 0.00093717654606
0.0446096654275 0.00093717654606
0.0445859872611 0.00093717654606
0.0445544554455 0.00093717654606
0.0445344129555 0.00093717654606
0.0444444444444 0.00093717654606
0.0443349753695 0.000937454718546
0.0443037974684 0.000937454718546
0.0442804428044 0.000937454718546
0.0442477876106 0.000937454718546
0.0441988950276 0.000937454718546
0.0441176470588 0.000937454718546
0.0440251572327 0.000937454718546
0.044 0.000937454718546
0.043956043956 0.000937454718546
0.0439024390244 0.000937454718546
0.0438596491228 0.000937454718546
0.0438356164384 0.000937454718546
0.043795620438 0.000937454718546
0.043771043771 0.000937454718546
0.04375 0.000937454718546
0.0437158469945 0.000937454718546
0.0436893203883 0.000937454718546
0.0436681222707 0.000937454718546
0.0436363636364 0.000937454718546
0.0434782608696 0.000937454718546
0.0433604336043 0.000937699334665
0.0433526011561 0.000937699334665
0.04329004329 0.000937699334665
0.0432692307692 0.000937699334665
0.0432432432432 0.000937699334665
0.0432098765432 0.000937699334665
0.0431654676259 0.000937699334665
0.0431034482759 0.000937699334665
0.0430622009569 0.000937699334665
0.0430107526882 0.000937699334665
0.04296875 0.000937768835339
0.0429447852761 0.000937768835339
0.0429184549356 0.000937768835339
0.0428571428571 0.000937768835339
0.0428015564202 0.000937838338757
0.0427807486631 0.000937838338757
0.042735042735 0.000937838338757
0.0426829268293 0.000937838338757
0.042654028436 0.000937838338757
0.0426356589147 0.000937838338757
0.0425531914894 0.000937838338757
0.042471042471 0.00093797735382
0.0424528301887 0.00093797735382
0.0424242424242 0.00093797735382
0.0424028268551 0.00093797735382
0.0423728813559 0.00093797735382
0.042328042328 0.00093797735382
0.0422535211268 0.000938185896988
0.042194092827 0.000938185896988
0.0421686746988 0.000938185896988
0.0421052631579 0.000938185896988
0.0420560747664 0.000938185896988
0.0420168067227 0.000938185896988
0.041958041958 0.000938185896988
0.0419161676647 0.000938185896988
0.0418848167539 0.000938185896988
0.0418604651163 0.000938185896988
0.0418410041841 0.000938185896988
0.0416666666667 0.000938185896988
0.0415094339623 0.000938157589386
0.0414937759336 0.000938157589386
0.0414746543779 0.000938157589386
0.0414507772021 0.000938157589386
0.0414201183432 0.000938157589386
0.0413793103448 0.000938157589386
0.0413533834586 0.000938157589386
0.0413223140496 0.000938157589386
0.0412844036697 0.000938157589386
0.0412371134021 0.000938157589386
0.0411985018727 0.000938157589386
0.0411764705882 0.000938157589386
0.0411522633745 0.000938157589386
0.041095890411 0.000938157589386
0.0410557184751 0.000938227059058
0.0410447761194 0.000938227059058
0.0410256410256 0.000938227059058
0.0409836065574 0.000938227059058
0.0409356725146 0.000938227059058
0.0409090909091 0.000938227059058
0.0408163265306 0.000938227059058
0.0407239819005 0.000938435484509
0.0406976744186 0.000938435484509
0.0406504065041 0.000938435484509
0.0406091370558 0.000938435484509
0.0405904059041 0.000938435484509
0.0405405405405 0.000938435484509
0.0404858299595 0.000938435484509
0.0404624277457 0.000938435484509
0.0404411764706 0.000938435484509
0.040404040404 0.000938435484509
0.0403587443946 0.000938435484509
0.0403225806452 0.000938435484509
0.0402684563758 0.000938435484509
0.0402298850575 0.000938435484509
0.0402010050251 0.000938435484509
0.0401785714286 0.000938435484509
0.0401606425703 0.000938435484509
0.0401459854015 0.000938435484509
0.04 0.000938435484509
0.0398550724638 0.000938424092533
0.0398406374502 0.000938424092533
0.0398009950249 0.000938424092533
0.0397727272727 0.000938424092533
0.0397350993377 0.000938424092533
0.0397111913357 0.000938424092533
0.0396825396825 0.000938424092533
0.0396475770925 0.000938424092533
0.039603960396 0.000938424092533
0.0395480225989 0.000938424092533
0.0395256916996 0.000938424092533
0.0394736842105 0.000938424092533
0.0394088669951 0.000938563016393
0.0393700787402 0.000938563016393
0.0393258426966 0.000938563016393
0.0393013100437 0.000938563016393
0.0392156862745 0.000938563016393
0.0391061452514 0.000938701951204
0.0390625 0.000938701951204
0.0390243902439 0.000938701951204
0.038961038961 0.000938701951204
0.0389105058366 0.000938701951204
0.0388888888889 0.000938701951204
0.0388601036269 0.000938701951204
0.0388349514563 0.000938701951204
0.0387931034483 0.000938701951204
0.0387596899225 0.000938701951204
0.0387096774194 0.000938701951204
0.0386740331492 0.000938701951204
0.0386473429952 0.000938701951204
0.0386266094421 0.000938701951204
0.03861003861 0.000938701951204
0.0384615384615 0.000938701951204
0.0382978723404 0.000939049336138
0.0382775119617 0.000939049336138
0.0382513661202 0.000939049336138
0.0382165605096 0.000939049336138
0.0381944444444 0.000939049336138
0.0381679389313 0.000939049336138
0.0381355932203 0.000939049336138
0.0380952380952 0.000939049336138
0.0380434782609 0.000939049336138
0.0380228136882 0.000939049336138
0.0379746835443 0.000939049336138
0.0379146919431 0.000939049336138
0.0378787878788 0.000939049336138
0.0378378378378 0.000939049336138
0.0378151260504 0.000939049336138
0.0377358490566 0.000939049336138
0.0376569037657 0.000939049336138
0.0376344086022 0.000939049336138
0.0376175548589 0.000939049336138
0.0375939849624 0.000939049336138
0.037558685446 0.000939049336138
0.0375 0.000939049336138
0.0374531835206 0.000939049336138
0.0374331550802 0.000939049336138
0.0373831775701 0.000939049336138
0.0373443983402 0.000939049336138
0.0373134328358 0.000939049336138
0.0372670807453 0.000939049336138
0.0372340425532 0.000939049336138
0.0372093023256 0.000939049336138
0.037037037037 0.000939049336138
0.0369003690037 0.000938540171747
0.0368852459016 0.000938540171747
0.036866359447 0.000938540171747
0.0368421052632 0.000938540171747
0.0368098159509 0.000938540171747
0.0367647058824 0.000938540171747
0.0367346938776 0.000938540171747
0.0366972477064 0.000938540171747
0.0366492146597 0.000938540171747
0.03663003663 0.000938540171747
0.0365853658537 0.000938540171747
0.0365296803653 0.000938540171747
0.036496350365 0.000938540171747
0.0364583333333 0.000938540171747
0.0364372469636 0.000938540171747
0.0363636363636 0.000938540171747
0.0362903225806 0.000938540171747
0.0362694300518 0.000938540171747
0.036231884058 0.000938540171747
0.0361990950226 0.000938540171747
0.0361445783133 0.000938540171747
0.0361010830325 0.000938540171747
0.0360824742268 0.000938540171747
0.036036036036 0.000938540171747
0.036 0.000938540171747
0.0359712230216 0.000938540171747
0.0359281437126 0.000938540171747
0.0358974358974 0.000938540171747
0.0358744394619 0.000938540171747
0.0358565737052 0.000938540171747
0.0358422939068 0.000938540171747
0.0357142857143 0.000938540171747
0.0355871886121 0.00093746579332
0.0355731225296 0.00093746579332
0.0355555555556 0.00093746579332
0.0355329949239 0.00093746579332
0.0355029585799 0.00093746579332
0.0354838709677 0.00093746579332
0.0354609929078 0.00093746579332
0.0354330708661 0.00093746579332
0.0353982300885 0.00093746579332
0.0353535353535 0.00093746579332
0.0353356890459 0.00093746579332
0.0352941176471 0.00093746579332
0.0352422907489 0.00093746579332
0.0352112676056 0.00093746579332
0.035175879397 0.00093746579332
0.03515625 0.00093746579332
0.0350877192982 0.00093746579332
0.0350194552529 0.00093746579332
0.035 0.00093746579332
0.034965034965 0.00093746579332
0.0349344978166 0.00093746579332
0.0348837209302 0.00093746579332
0.0348258706468 0.00093746579332
0.0347826086957 0.00093746579332
0.0347222222222 0.00093746579332
0.0346820809249 0.00093746579332
0.0346534653465 0.00093746579332
0.034632034632 0.00093746579332
0.0346153846154 0.00093746579332
0.0344827586207 0.00093746579332
0.0343347639485 0.000937177507661
0.0343137254902 0.000937177507661
0.0342857142857 0.000937177507661
0.0342465753425 0.000937177507661
0.0342205323194 0.000937177507661
0.034188034188 0.000937177507661
0.0341463414634 0.000937177507661
0.0341296928328 0.000937177507661
0.0340909090909 0.000937177507661
0.0340557275542 0.000937177507661
0.0340425531915 0.000937177507661
0.0340136054422 0.000937177507661
0.0339805825243 0.000937177507661
0.0338983050847 0.000937177507661
0.0338164251208 0.000937177507661
0.0337837837838 0.000937177507661
0.0337552742616 0.000937177507661
0.0337078651685 0.000937177507661
0.0336538461538 0.000937177507661
0.0336134453782 0.000937177507661
0.0335820895522 0.000937177507661
0.0335570469799 0.000937177507661
0.0335195530726 0.000937177507661
0.0334928229665 0.000937177507661
0.0334572490706 0.000937177507661
0.0333333333333 0.000937177507661
0.0331950207469 0.000936958694804
0.0331753554502 0.000936958694804
0.0331491712707 0.000936958694804
0.0331125827815 0.000936958694804
0.0330882352941 0.000936958694804
0.0330578512397 0.000936958694804
0.0330188679245 0.000937027960686
0.032967032967 0.000937027960686
0.0328947368421 0.000937027960686
0.0328638497653 0.000937027960686
0.0328467153285 0.000937027960686
0.0327868852459 0.000937027960686
0.0327102803738 0.000937027960686
0.0326797385621 0.000937027960686
0.0326530612245 0.000937027960686
0.0326086956522 0.000937027960686
0.0325581395349 0.000937027960686
0.0325203252033 0.000937027960686
0.0324909747292 0.000937027960686
0.0324675324675 0.000937027960686
0.0324324324324 0.000937027960686
0.0324074074074 0.000937027960686
0.0323886639676 0.000937027960686
0.0322580645161 0.000937027960686
0.0321428571429 0.000907697674285
0.0321285140562 0.000907697674285
0.0321100917431 0.000907697674285
0.0320855614973 0.000907697674285
0.0320699708455 0.000907697674285
0.0320512820513 0.000907697674285
0.0320284697509 0.000907697674285
0.032 0.000907697674285
0.0319634703196 0.000907697674285
0.031914893617 0.000907697674285
0.0318725099602 0.000907697674285
0.031847133758 0.000907697674285
0.0318181818182 0.000907697674285
0.031746031746 0.000907697674285
0.0316742081448 0.000907697674285
0.0316455696203 0.000907697674285
0.0316205533597 0.000907697674285
0.0315789473684 0.000907697674285
0.0315315315315 0.000907697674285
0.0314960629921 0.000907697674285
0.0314465408805 0.000907697674285
0.0314136125654 0.000907697674285
0.0313901345291 0.000907697674285
0.0313588850174 0.000907697674285
0.03125 0.000907697674285
0.0311418685121 0.000907761490433
0.0311284046693 0.000907761490433
0.0311111111111 0.000907761490433
0.0310880829016 0.000907761490433
0.0310559006211 0.000907761490433
0.031007751938 0.000907761490433
0.0309734513274 0.000907761490433
0.0309278350515 0.000907761490433
0.0308641975309 0.000907761490433
0.0308370044053 0.000907761490433
0.0307692307692 0.000907761490433
0.030701754386 0.000907761490433
0.0306748466258 0.000907761490433
0.030612244898 0.000907761490433
0.0305810397554 0.000907761490433
0.0305676855895 0.000907761490433
0.030534351145 0.000907761490433
0.030487804878 0.000907761490433
0.0304568527919 0.000907761490433
0.0304347826087 0.000907761490433
0.030303030303 0.000907761490433
0.0301724137931 0.000907048569308
0.0301507537688 0.000907048569308
0.0301204819277 0.000907048569308
0.0300751879699 0.000907048569308
0.03 0.000907048569308
0.0299625468165 0.000907048569308
0.0299401197605 0.000907048569308
0.0299145299145 0.000907048569308
0.0298507462687 0.000907048569308
0.0297872340426 0.000907048569308
0.0297619047619 0.000907048569308
0.029702970297 0.000907048569308
0.0296610169492 0.000907048569308
0.0296296296296 0.000907048569308
0.0296052631579 0.000907048569308
0.0295857988166 0.000907048569308
0.0295566502463 0.000907048569308
0.0295358649789 0.000907048569308
0.0294117647059 0.000907048569308
0.029304029304 0.000906623426847
0.0292887029289 0.000906623426847
0.0292682926829 0.000906623426847
0.0292397660819 0.000906623426847
0.029197080292 0.000906623426847
0.0291666666667 0.000906623426847
0.0291262135922 0.000906623426847
0.0290697674419 0.000906623426847
0.0290456431535 0.000906623426847
0.0289855072464 0.000906623426847
0.0289256198347 0.000906623426847
0.028901734104 0.000906623426847
0.0288461538462 0.000906623426847
0.0288065843621 0.000906623426847
0.0287769784173 0.000906623426847
0.0287356321839 0.000906623426847
0.0287081339713 0.000906623426847
0.0286885245902 0.000906623426847
0.0286738351254 0.000906623426847
0.0285714285714 0.000906623426847
0.0284552845528 0.000905986354254
0.0284360189573 0.000905986354254
0.0284090909091 0.000905986354254
0.0283687943262 0.000905986354254
0.0283400809717 0.000905986354254
0.0283018867925 0.000905986354254
0.0282485875706 0.000905986354254
0.0282258064516 0.000905986354254
0.0281690140845 0.000905986354254
0.0281124497992 0.000905986354254
0.0280898876404 0.000905986354254
0.0280701754386 0.000905986354254
0.0280373831776 0.000905986354254
0.028 0.000905986354254
0.027972027972 0.000905986354254
0.027950310559 0.000905986354254
0.0279329608939 0.000905986354254
0.0279069767442 0.000905986354254
0.0278884462151 0.000905986354254
0.0278637770898 0.000905986354254
0.0277777777778 0.000905986354254
0.0276679841897 0.00090499521976
0.0276497695853 0.00090499521976
0.0276243093923 0.00090499521976
0.0275862068966 0.00090499521976
0.0275590551181 0.00090499521976
0.0275229357798 0.00090499521976
0.0274725274725 0.00090499521976
0.0274509803922 0.00090499521976
0.027397260274 0.00090499521976
0.02734375 0.00090499521976
0.0273224043716 0.00090499521976
0.0273037542662 0.00090499521976
0.0272727272727 0.00090499521976
0.0272373540856 0.00090499521976
0.0272108843537 0.00090499521976
0.0271739130435 0.00090499521976
0.027149321267 0.00090499521976
0.0271317829457 0.00090499521976
0.0271186440678 0.00090499521976
0.027027027027 0.00090499521976
0.0269230769231 0.000903018797626
0.0269058295964 0.000903018797626
0.0268817204301 0.000903018797626
0.0268456375839 0.000903018797626
0.0268199233716 0.000903018797626
0.0267857142857 0.000903018797626
0.0267558528428 0.000903018797626
0.0267379679144 0.000903018797626
0.0267175572519 0.000903018797626
0.0266666666667 0.000903018797626
0.0266159695817 0.000903018797626
0.0265957446809 0.000903018797626
0.0265486725664 0.000903018797626
0.0264900662252 0.000903018797626
0.026455026455 0.000903018797626
0.0264317180617 0.000903018797626
0.0264150943396 0.000903018797626
0.026402640264 0.000903018797626
0.0263929618768 0.000903018797626
0.0263157894737 0.000903018797626
0.0262295081967 0.000902244144981
0.0262172284644 0.000902244144981
0.0262008733624 0.000902244144981
0.0261780104712 0.000902244144981
0.0261437908497 0.000902244144981
0.0261194029851 0.000902244144981
0.0260869565217 0.000902244144981
0.0260416666667 0.000902244144981
0.025974025974 0.000902244144981
0.0259067357513 0.000902244144981
0.0258620689655 0.000902244144981
0.0258302583026 0.000902244144981
0.0258064516129 0.000902244144981
0.0257731958763 0.000902244144981
0.0257510729614 0.000902244144981
0.0257352941176 0.000902244144981
0.025641025641 0.000902244144981
0.0255319148936 0.000902033499442
0.0255102040816 0.000902033499442
0.0254777070064 0.000902033499442
0.0254545454545 0.000902033499442
0.0254237288136 0.000902033499442
0.0253807106599 0.000902033499442
0.0253164556962 0.000902033499442
0.0252707581227 0.000902033499442
0.0252525252525 0.000902033499442
0.0252100840336 0.000902033499442
0.0251798561151 0.000902033499442
0.0251572327044 0.000902033499442
0.0251256281407 0.000902033499442
0.0251046025105 0.000902033499442
0.0250896057348 0.000902033499442
0.025 0.000902033499442
0.0248756218905 0.000901822938358
0.0248447204969 0.000901822938358
0.0247933884298 0.000901822938358
0.0247524752475 0.000901822938358
0.0247349823322 0.000901822938358
0.0246913580247 0.000901822938358
0.0246478873239 0.000901822938358
0.0246305418719 0.000901822938358
0.0245901639344 0.000901822938358
0.0245398773006 0.000901822938358
0.0245098039216 0.000901822938358
0.0244897959184 0.000901822938358
0.0243902439024 0.000901822938358
0.0243055555556 0.000901402069365
0.0242914979757 0.000901402069365
0.0242718446602 0.000901402069365
0.0242424242424 0.000901402069365
0.0241935483871 0.000901402069365
0.024154589372 0.000901470703678
0.0240963855422 0.000901470703678
0.0240549828179 0.000901470703678
0.0240384615385 0.000901470703678
0.024 0.000901470703678
0.0239520958084 0.000901470703678
0.0239234449761 0.000901470703678
0.0239043824701 0.000901470703678
0.0238095238095 0.000901470703678
0.0237154150198 0.000901470703678
0.0236966824645 0.000901470703678
0.0236842105263 0.000901470703678
0.0236686390533 0.000901470703678
0.0236220472441 0.000901470703678
0.0235849056604 0.000901470703678
0.023569023569 0.000901470703678
0.0235294117647 0.000901470703678
0.0234741784038 0.000901470703678
0.0234604105572 0.000901470703678
0.0234375 0.000901470703678
0.0233918128655 0.000901470703678
0.0233644859813 0.000901470703678
0.0233463035019 0.000901470703678
0.0233333333333 0.000901470703678
0.0232558139535 0.000901470703678
0.023178807947 0.000901470703678
0.023166023166 0.000901470703678
0.0231481481481 0.000901470703678
0.0231213872832 0.000901470703678
0.0230769230769 0.000901470703678
0.0230547550432 0.000901470703678
0.0230414746544 0.000901470703678
0.0229885057471 0.000901470703678
0.0229357798165 0.000901470703678
0.0229007633588 0.000901470703678
0.0228571428571 0.000901470703678
0.0228310502283 0.000901470703678
0.0227272727273 0.000901470703678
0.022641509434 0.0009016079804
0.0226244343891 0.0009016079804
0.0225988700565 0.0009016079804
0.0225563909774 0.0009016079804
0.0225225225225 0.0009016079804
0.0224719101124 0.0009016079804
0.0224358974359 0.0009016079804
0.0224215246637 0.0009016079804
0.0223880597015 0.0009016079804
0.0223642172524 0.0009016079804
0.0223463687151 0.0009016079804
0.0223214285714 0.0009016079804
0.0223048327138 0.0009016079804
0.0222929936306 0.0009016079804
0.0222222222222 0.0009016079804
0.0221402214022 0.0009016079804
0.0221238938053 0.0009016079804
0.0220994475138 0.0009016079804
0.0220588235294 0.0009016079804
0.0220264317181 0.0009016079804
0.021978021978 0.0009016079804
0.0219298245614 0.0009016079804
0.021897810219 0.0009016079804
0.0218579234973 0.0009016079804
0.0218340611354 0.0009016079804
0.0218181818182 0.0009016079804
0.0217391304348 0.0009016079804
0.0216718266254 0.000900977148235
0.0216606498195 0.000900977148235
0.021645021645 0.000900977148235
0.0216216216216 0.000900977148235
0.0215827338129 0.000900977148235
0.0215517241379 0.000900977148235
0.0215053763441 0.000900977148235
0.0214592274678 0.000900977148235
0.0214285714286 0.000900977148235
0.0213903743316 0.000900977148235
0.0213675213675 0.000900977148235
0.0213523131673 0.000900977148235
0.0212765957447 0.000900977148235
0.021186440678 0.000900767039306
0.021164021164 0.000900767039306
0.0211267605634 0.000900767039306
0.0210970464135 0.000900767039306
0.0210526315789 0.000900767039306
0.0210084033613 0.000900767039306
0.020979020979 0.000900767039306
0.020942408377 0.000900767039306
0.0209205020921 0.000900767039306
0.0208333333333 0.000900767039306
0.0207468879668 0.000900137217255
0.020725388601 0.000900137217255
0.0206896551724 0.000900137217255
0.0206611570248 0.000900137217255
0.020618556701 0.000900137217255
0.0205761316872 0.000900137217255
0.0205479452055 0.000900137217255
0.0205128205128 0.000900137217255
0.0204918032787 0.000900137217255
0.0204778156997 0.000900137217255
0.0204081632653 0.000900137217255
0.020325203252 0.000900137217255
0.0203045685279 0.000900137217255
0.0202702702703 0.000900137217255
0.0202429149798 0.000900137217255
0.020202020202 0.000900137217255
0.0201612903226 0.000900137217255
0.0201342281879 0.000900137217255
0.0201005025126 0.000900137217255
0.0200803212851 0.000900137217255
0.02 0.000900137217255
0.019943019943 0.000900137217255
0.0199203187251 0.000900137217255
0.0199004975124 0.000900137217255
0.0198675496689 0.000900137217255
0.0198412698413 0.000900137217255
0.0198300283286 0.000900137217255
0.019801980198 0.000900137217255
0.0197628458498 0.000900137217255
0.0197368421053 0.000900137217255
0.0197044334975 0.000900137217255
0.0196850393701 0.000900137217255
0.0196078431373 0.000900137217255
0.0195439739414 0.000900205734591
0.01953125 0.000900205734591
0.019512195122 0.000900205734591
0.0194805194805 0.000900205734591
0.0194552529183 0.000900205734591
0.0194174757282 0.000900205734591
0.0193798449612 0.000900205734591
0.0193548387097 0.000900205734591
0.0193236714976 0.000900205734591
0.019305019305 0.000900205734591
0.0192307692308 0.000900205734591
0.0191570881226 0.00089999594416
0.0191387559809 0.00089999594416
0.0191082802548 0.00089999594416
0.0190476190476 0.00089999594416
0.0190114068441 0.00089999594416
0.0189873417722 0.00089999594416
0.0189573459716 0.00089999594416
0.0189393939394 0.00089999594416
0.0188679245283 0.00089999594416
0.0187969924812 0.00089999594416
0.018779342723 0.00089999594416
0.01875 0.00089999594416
0.0187265917603 0.00089999594416
0.018691588785 0.00089999594416
0.0186567164179 0.00089999594416
0.0186335403727 0.00089999594416
0.0186046511628 0.00089999594416
0.0185758513932 0.00089999594416
0.0185185185185 0.00089999594416
0.0184331797235 0.00089999594416
0.0184049079755 0.00089999594416
0.0183823529412 0.00089999594416
0.0183486238532 0.00089999594416
0.0182926829268 0.00089999594416
0.0182648401826 0.00089999594416
0.0182481751825 0.00089999594416
0.0181818181818 0.00089999594416
0.018115942029 0.00089999594416
0.0180995475113 0.00089999594416
0.0180722891566 0.00089999594416
0.0180505415162 0.00089999594416
0.018018018018 0.00089999594416
0.0179856115108 0.00089999594416
0.0179640718563 0.00089999594416
0.0179372197309 0.00089999594416
0.0178571428571 0.00089999594416
0.017793594306 0.000899576615183
0.0177777777778 0.000899576615183
0.0177514792899 0.000899576615183
0.0176991150442 0.000899576615183
0.017667844523 0.000899576615183
0.0176470588235 0.000899576615183
0.0176211453744 0.000899576615183
0.0175438596491 0.000899576615183
0.0174825174825 0.000899576615183
0.0174672489083 0.000899576615183
0.0174418604651 0.000899576615183
0.0174216027875 0.000899576615183
0.0173913043478 0.000899576615183
0.0173410404624 0.000899576615183
0.0173267326733 0.000899576615183
0.017316017316 0.000899576615183
0.0173010380623 0.000899576615183
0.0172413793103 0.000899576615183
0.0171821305842 0.000899367076545
0.0171673819742 0.000899367076545
0.0171428571429 0.000899367076545
0.0171232876712 0.000899367076545
0.017094017094 0.000899367076545
0.0170454545455 0.000899367076545
0.0170068027211 0.000899367076545
0.0169491525424 0.000899367076545
0.0168776371308 0.000899367076545
0.0168539325843 0.000899367076545
0.016835016835 0.000899367076545
0.0168067226891 0.000899367076545
0.0167785234899 0.000899367076545
0.0167597765363 0.000899367076545
0.0167364016736 0.000899367076545
0.0166666666667 0.000899367076545
0.0165975103734 0.000899157621746
0.0165745856354 0.000899157621746
0.0165289256198 0.000899157621746
0.0164835164835 0.000899157621746
0.0164609053498 0.000899157621746
0.0164473684211 0.000899157621746
0.016393442623 0.000899157621746
0.0163265306122 0.000899157621746
0.0163043478261 0.000899157621746
0.0162601626016 0.000899157621746
0.0162162162162 0.000899157621746
0.0161943319838 0.000899157621746
0.0161290322581 0.000899157621746
0.0160642570281 0.000899157621746
0.0160427807487 0.000899157621746
0.0160256410256 0.000899157621746
0.016 0.000899157621746
0.0159744408946 0.000899157621746
0.0159574468085 0.000899157621746
0.0159362549801 0.000899157621746
0.015873015873 0.000899157621746
0.0158102766798 0.000899157621746
0.0157894736842 0.000899157621746
0.0157728706625 0.000899157621746
0.0157480314961 0.000899157621746
0.0157232704403 0.000899157621746
0.0157068062827 0.000899157621746
0.0156862745098 0.000899157621746
0.015625 0.000899157621746
0.0155642023346 0.000899157621746
0.0155440414508 0.000899157621746
0.015503875969 0.000899157621746
0.0154639175258 0.000899157621746
0.0153846153846 0.000899157621746
0.0153374233129 0.000899157621746
0.0153256704981 0.000899157621746
0.015306122449 0.000899157621746
0.0152905198777 0.000899157621746
0.0152671755725 0.000899157621746
0.015243902439 0.000899157621746
0.0152284263959 0.000899157621746
0.0152091254753 0.000899157621746
0.0151515151515 0.000899157621746
0.0150943396226 0.000899016663845
0.0150753768844 0.000899016663845
0.0150602409639 0.000899016663845
0.015037593985 0.000899016663845
0.015 0.000899016663845
0.0149812734082 0.000899016663845
0.0149253731343 0.000899016663845
0.0148698884758 0.000898807358792
0.0148514851485 0.000898807358792
0.0148148148148 0.000898807358792
0.0147928994083 0.000898807358792
0.0147783251232 0.000898807358792
0.0147601476015 0.000898807358792
0.0147058823529 0.000898807358792
0.0146341463415 0.000898807358792
0.014598540146 0.000898807358792
0.0145631067961 0.000898807358792
0.0145454545455 0.000898807358792
0.0144927536232 0.000898807358792
0.014440433213 0.000898807358792
0.0144230769231 0.000898807358792
0.014409221902 0.000898807358792
0.0143884892086 0.000898807358792
0.0143540669856 0.000898807358792
0.0143369175627 0.000898807358792
0.0142857142857 0.000898807358792
0.0142348754448 0.000898388999768
0.0142180094787 0.000898388999768
0.0141843971631 0.000898388999768
0.0141509433962 0.000898388999768
0.0140845070423 0.000898388999768
0.0140350877193 0.000898388999768
0.0140186915888 0.000898388999768
0.013986013986 0.000898388999768
0.0139534883721 0.000898388999768
0.01393728223 0.000898388999768
0.0138888888889 0.000898388999768
0.0138248847926 0.000898388999768
0.0137931034483 0.000898388999768
0.0137614678899 0.000898388999768
0.0137457044674 0.000898388999768
0.013698630137 0.000898388999768
0.0136518771331 0.000898388999768
0.0136363636364 0.000898388999768
0.0136054421769 0.000898388999768
0.0135746606335 0.000898388999768
0.0135135135135 0.000898388999768
0.013468013468 0.000898388999768
0.0134529147982 0.000898388999768
0.0134228187919 0.000898388999768
0.0133928571429 0.000898388999768
0.0133333333333 0.000898388999768
0.0132743362832 0.000898388999768
0.0132450331126 0.000898388999768
0.0132158590308 0.000898388999768
0.0131578947368 0.000898388999768
0.0131004366812 0.000898388999768
0.0130718954248 0.000898388999768
0.0130434782609 0.000898388999768
0.0130293159609 0.000898388999768
0.012987012987 0.000898388999768
0.0129449838188 0.000898388999768
0.0129310344828 0.000898388999768
0.0129032258065 0.000898388999768
0.0128755364807 0.000898388999768
0.0128205128205 0.000898388999768
0.0127795527157 0.000898179945705
0.0127659574468 0.000898179945705
0.0127388535032 0.000898179945705
0.0127118644068 0.000898179945705
0.0126582278481 0.000898179945705
0.0126050420168 0.000898179945705
0.0125786163522 0.000898179945705
0.0125523012552 0.000898179945705
0.012539184953 0.000898179945705
0.0125 0.000898179945705
0.0124481327801 0.000898179945705
0.0124223602484 0.000898179945705
0.0123966942149 0.000898179945705
0.0123456790123 0.000898179945705
0.0122950819672 0.000898179945705
0.0122699386503 0.000898179945705
0.0122448979592 0.000898179945705
0.0121951219512 0.000898179945705
0.0121457489879 0.000898179945705
0.0121212121212 0.000898179945705
0.0120967741935 0.000898179945705
0.0120481927711 0.000898179945705
0.012 0.000898179945705
0.0119760479042 0.000898179945705
0.0119521912351 0.000898179945705
0.0119047619048 0.000898179945705
0.0118577075099 0.000898179945705
0.0118343195266 0.000898179945705
0.011811023622 0.000898179945705
0.0117994100295 0.000898179945705
0.0117647058824 0.000898179945705
0.01171875 0.000897970975215
0.0116959064327 0.000897970975215
0.011673151751 0.000897970975215
0.0116279069767 0.000897970975215
0.011583011583 0.000897970975215
0.0115606936416 0.000897970975215
0.0115384615385 0.000897970975215
0.0114942528736 0.000897970975215
0.0114503816794 0.000897553284769
0.0114285714286 0.000897553284769
0.0114068441065 0.000897553284769
0.0113636363636 0.000897553284769
0.011320754717 0.000897553284769
0.0112994350282 0.000897553284769
0.0112781954887 0.000897553284769
0.0112359550562 0.000897553284769
0.0111940298507 0.000897553284769
0.0111731843575 0.000897553284769
0.0111111111111 0.000897553284769
0.0110497237569 0.000897553284769
0.0110294117647 0.000897553284769
0.010989010989 0.000897553284769
0.0109289617486 0.000897553284769
0.0109090909091 0.000897553284769
0.0108695652174 0.000897553284769
0.0108108108108 0.000897553284769
0.0107913669065 0.000897553284769
0.010752688172 0.000897553284769
0.0106951871658 0.000897553284769
0.0106761565836 0.000897553284769
0.0106382978723 0.000897553284769
0.010582010582 0.000897553284769
0.0105633802817 0.000897553284769
0.0105263157895 0.000897553284769
0.0104712041885 0.000897553284769
0.0104166666667 0.000897553284769
0.0103806228374 0.000897344564722
0.0103626943005 0.000897344564722
0.0103092783505 0.000897344564722
0.0102564102564 0.000897344564722
0.0102389078498 0.000897344564722
0.0102040816327 0.000897344564722
0.0101694915254 0.000897344564722
0.010152284264 0.000897344564722
0.010101010101 0.000897344564722
0.0100502512563 0.000897344564722
0.01 0.000897344564722
0.00995024875622 0.000897344564722
0.00990099009901 0.000897344564722
0.00985221674877 0.000897344564722
0.00980392156863 0.000897344564722
0.00975609756098 0.000897344564722
0.00970873786408 0.000897344564722
0.00966183574879 0.000897344564722
0.00961538461538 0.000897344564722
0.00956937799043 0.000897344564722
0.00952380952381 0.000897344564722
0.00947867298578 0.000897344564722
0.00943396226415 0.000897344564722
0.0093896713615 0.000897344564722
0.00934579439252 0.000897344564722
0.0093023255814 0.000897344564722
0.00925925925926 0.000897344564722
0.00921658986175 0.000897344564722
0.00917431192661 0.000897344564722
0.00913242009132 0.000897344564722
0.00909090909091 0.000897344564722
0.00904977375566 0.000897344564722
0.00900900900901 0.000897344564722
0.00896860986547 0.000897344564722
0.00892857142857 0.000897344564722
0.00888888888889 0.000897344564722
0.00884955752212 0.000897344564722
0.00881057268722 0.000897135928065
0.00877192982456 0.000897135928065
0.00873362445415 0.000897135928065
0.00869565217391 0.000897135928065
0.00865800865801 0.000897135928065
0.00862068965517 0.000897135928065
0.00858369098712 0.000897135928065
0.00854700854701 0.000897135928065
0.00851063829787 0.000897135928065
0.00847457627119 0.000897135928065
0.00845070422535 0.000897135928065
0.0084388185654 0.000897135928065
0.00840336134454 0.000897135928065
0.00836820083682 0.000896927374753
0.00833333333333 0.000896927374753
0.00829875518672 0.000896927374753
0.00826446280992 0.000896927374753
0.0082304526749 0.000896927374753
0.00819672131148 0.000896927374753
0.00816326530612 0.000850376187888
0.00813008130081 0.000850376187888
0.0080971659919 0.000850376187888
0.00806451612903 0.000850376187888
0.00803212851406 0.000850376187888
0.008 0.000850376187888
0.00796812749004 0.000850376187888
0.00793650793651 0.000850376187888
0.00790513833992 0.000850376187888
0.00787401574803 0.000850376187888
0.0078431372549 0.000850376187888
0.0078125 0.000850376187888
0.00778210116732 0.000850376187888
0.0077519379845 0.000850376187888
0.00772200772201 0.000850376187888
0.00769230769231 0.000850376187888
0.00766283524904 0.000850376187888
0.00763358778626 0.000850376187888
0.00760456273764 0.000850376187888
0.00757575757576 0.000850376187888
0.00754716981132 0.000850376187888
0.00751879699248 0.000850376187888
0.00749063670412 0.000850376187888
0.00746268656716 0.000850376187888
0.00743494423792 0.000850376187888
0.00740740740741 0.000850376187888
0.00738007380074 0.000850376187888
0.00735294117647 0.000850376187888
0.00729927007299 0.000850376187888
0.00727272727273 0.000850376187888
0.00724637681159 0.000850376187888
0.0072202166065 0.000850376187888
0.00719424460432 0.000850376187888
0.00716845878136 0.000850376187888
0.00714285714286 0.000850376187888
0.00711743772242 0.000850376187888
0.00709219858156 0.000850376187888
0.00704225352113 0.000850376187888
0.00701754385965 0.000850376187888
0.00699300699301 0.000850376187888
0.00694444444444 0.000850376187888
0.00692041522491 0.000850376187888
0.00689655172414 0.000850376187888
0.00687285223368 0.000850376187888
0.00684931506849 0.000850376187888
0.00682593856655 0.000850376187888
0.00680272108844 0.000850376187888
0.00677966101695 0.000850376187888
0.00675675675676 0.000850376187888
0.00671140939597 0.000850376187888
0.0066889632107 0.000850376187888
0.00666666666667 0.000850376187888
0.00664451827243 0.000850376187888
0.00662251655629 0.000850376187888
0.00657894736842 0.000849959961041
0.00655737704918 0.000849959961041
0.00653594771242 0.000849959961041
0.00649350649351 0.000849959961041
0.00645161290323 0.000849959961041
0.00641025641026 0.000849959961041
0.00636942675159 0.000849959961041
0.00632911392405 0.000849959961041
0.0062893081761 0.000849959961041
0.00625 0.000849959961041
0.00621118012422 0.000849959961041
0.00617283950617 0.000849959961041
0.00613496932515 0.000849959961041
0.00609756097561 0.000849959961041
0.00606060606061 0.000849959961041
0.00602409638554 0.000849959961041
0.0059880239521 0.000849959961041
0.00595238095238 0.000849959961041
0.00591715976331 0.000849959961041
0.00588235294118 0.000849959961041
0.00584795321637 0.000849751972192
0.00581395348837 0.000849751972192
0.00578034682081 0.000849751972192
0.00574712643678 0.000849751972192
0.00571428571429 0.000849751972192
0.00568181818182 0.000849751972192
0.00564971751412 0.000849751972192
0.00561797752809 0.000849751972192
0.00558659217877 0.000849751972192
0.00555555555556 0.000849751972192
0.00552486187845 0.000849751972192
0.00549450549451 0.000849751972192
0.00546448087432 0.000849751972192
0.0054347826087 0.000849751972192
0.00540540540541 0.000849751972192
0.00537634408602 0.000849751972192
0.00534759358289 0.000849751972192
0.00531914893617 0.000849751972192
0.00529100529101 0.000849751972192
0.00526315789474 0.000849751972192
0.00523560209424 0.000849751972192
0.00520833333333 0.000849751972192
0.00518134715026 0.000849751972192
0.00515463917526 0.000849751972192
0.00512820512821 0.000849751972192
0.00510204081633 0.000849751972192
0.00507614213198 0.000849751972192
0.00505050505051 0.000849751972192
0.00502512562814 0.000849751972192
0.005 0.000849751972192
0.00497512437811 0.000849751972192
0.0049504950495 0.000849751972192
0.00492610837438 0.000849751972192
0.00490196078431 0.000849751972192
0.00487804878049 0.000849751972192
0.00485436893204 0.000849751972192
0.0048309178744 0.000849751972192
0.00480769230769 0.000849751972192
0.00478468899522 0.000849751972192
0.0047619047619 0.000849751972192
0.00473933649289 0.000849751972192
0.00471698113208 0.000849751972192
0.00469483568075 0.000849751972192
0.00467289719626 0.000849751972192
0.0046511627907 0.000849751972192
0.00462962962963 0.000849751972192
0.00460829493088 0.000849751972192
0.0045871559633 0.000849751972192
0.00456621004566 0.000849751972192
0.00454545454545 0.000849751972192
0.00452488687783 0.000849751972192
0.0045045045045 0.000849751972192
0.00448430493274 0.000849751972192
0.00446428571429 0.000849751972192
0.00444444444444 0.000849751972192
0.00442477876106 0.000849751972192
0.00440528634361 0.000849751972192
0.00436681222707 0.000849751972192
0.00434782608696 0.000849751972192
0.004329004329 0.000849751972192
0.00431034482759 0.000849751972192
0.00429184549356 0.000849751972192
0.0042735042735 0.000849751972192
0.00425531914894 0.000849751972192
0.00423728813559 0.000849751972192
0.0042194092827 0.000849751972192
0.00420168067227 0.000849751972192
0.00418410041841 0.000849751972192
0.00416666666667 0.000849751972192
0.00414937759336 0.000849751972192
0.00413223140496 0.000849751972192
0.00411522633745 0.000849751972192
0.00409836065574 0.000849751972192
0.00408163265306 0.000849751972192
0.00406504065041 0.000849751972192
0.00404858299595 0.000849751972192
0.00403225806452 0.000849751972192
0.00401606425703 0.000849751972192
0.004 0.000849751972192
0.00398406374502 0.000849751972192
0.00396825396825 0.000849751972192
0.00395256916996 0.000849751972192
0.00393700787402 0.000849751972192
0.00392156862745 0.000849751972192
0.00390625 0.000849751972192
0.00389105058366 0.000849751972192
0.00387596899225 0.000849751972192
0.003861003861 0.000849751972192
0.00384615384615 0.000849751972192
0.00383141762452 0.000849751972192
0.00381679389313 0.000849751972192
0.00380228136882 0.000849751972192
0.00378787878788 0.000849751972192
0.00377358490566 0.000849751972192
0.00375939849624 0.000849751972192
0.00374531835206 0.000849751972192
0.00373134328358 0.000849751972192
0.00371747211896 0.000849751972192
0.0037037037037 0.000849751972192
0.00369003690037 0.000849751972192
0.00367647058824 0.000849751972192
0.003663003663 0.000849751972192
0.00363636363636 0.000849751972192
0.0036231884058 0.000849751972192
0.00361010830325 0.000849751972192
0.00358422939068 0.000849751972192
0.00355871886121 0.000849751972192
0.0034965034965 0.000849751972192
0.00348432055749 0.000849751972192
0.00347222222222 0.000849751972192
0.00344827586207 0.000849751972192
0.00335570469799 0.000849751972192
0.00324675324675 0.000849751972192
0.00310559006211 0.000849751972192
0.0030487804878 0.000849751972192
0.0 0.000849751972192
