1.0 0.0
1.0 0.0
0.875 9.10387521622e-05
0.866666666667 9.10387521622e-05
0.857142857143 9.10387521622e-05
0.833333333333 9.10387521622e-05
0.8 9.10387521622e-05
0.777777777778 0.000273116256487
0.769230769231 0.000364155008649
0.75 0.000364155008649
0.733333333333 0.000455193760811
0.727272727273 0.000455193760811
0.714285714286 0.000455193760811
0.705882352941 0.000728310017297
0.7 0.000728310017297
0.666666666667 0.000728310017297
0.65 0.00142425070049
0.642857142857 0.00146471236812
0.636363636364 0.00146471236812
0.631578947368 0.00155575112028
0.625 0.00170748237389
0.617647058824 0.00188955987821
0.615384615385 0.00188955987821
0.611111111111 0.00193002154584
0.606060606061 0.002021060298
0.6 0.002021060298
0.59649122807 0.00314791774143
0.591836734694 0.00314791774143
0.588235294118 0.00314791774143
0.583333333333 0.00326930274431
0.578947368421 0.00326930274431
0.571428571429 0.00330976441194
0.5625 0.00386394475248
0.555555555556 0.00390440642011
0.55 0.00481479394173
0.548387096774 0.00490583269389
0.545454545455 0.00490583269389
0.538461538462 0.0051370422232
0.533333333333 0.0051370422232
0.53125 0.00517750389082
0.529411764706 0.00525842722608
0.526315789474 0.00545871248083
0.52380952381 0.00560032831753
0.521739130435 0.00580061357229
0.518518518519 0.00589165232445
0.515151515152 0.00589743256268
0.5 0.00589743256268
0.484848484848 0.0089767099751
0.48 0.00918913373015
0.478260869565 0.00932400595557
0.47619047619 0.00932400595557
0.473684210526 0.00938469845701
0.470588235294 0.00951012962666
0.46875 0.00966691858872
0.466666666667 0.00967501092224
0.461538461538 0.00989957317758
0.458333333333 0.00999061192974
0.454545454545 0.0102333819355
0.45 0.0110709384554
0.444444444444 0.0111569194991
0.439024390244 0.0125309302956
0.4375 0.0125713919633
0.434782608696 0.0127433540507
0.428571428571 0.0130731166418
0.423076923077 0.0142505511698
0.421052631579 0.0142505511698
0.417112299465 0.0144832057587
0.416666666667 0.0145560367604
0.411764705882 0.0153106468616
0.409090909091 0.0156508861346
0.407407407407 0.0156943824273
0.40625 0.0156943824273
0.404761904762 0.0156943824273
0.4 0.0159502783907
0.397058823529 0.0176257286111
0.394736842105 0.0176257286111
0.392857142857 0.0176257286111
0.391304347826 0.0177002455156
0.390243902439 0.0177002455156
0.388888888889 0.0179273300567
0.387096774194 0.018132384008
0.386666666667 0.0181576725503
0.384615384615 0.0181981342179
0.380952380952 0.0185022710863
0.37962962963 0.0185022710863
0.379518072289 0.0185427327539
0.379310344828 0.0185427327539
0.378378378378 0.0185011150386
0.375 0.0185011150386
0.372093023256 0.0198325929155
0.37037037037 0.0198730545831
0.368421052632 0.0202016523687
0.366666666667 0.0205894932172
0.363636363636 0.0208143919794
0.36 0.0215710032692
0.358974358974 0.0218575585796
0.357142857143 0.0219988065829
0.354838709677 0.0224733641418
0.352941176471 0.0224733641418
0.351851851852 0.0231004630634
0.35 0.0232420789001
0.348484848485 0.0236495594217
0.347826086957 0.0237405981739
0.347457627119 0.0239223144133
0.347222222222 0.0241757417333
0.346153846154 0.024216203401
0.344827586207 0.024216203401
0.34375 0.0242768959024
0.333333333333 0.02431735757
0.331125827815 0.0274063527801
0.330935251799 0.0275116753902
0.325 0.0276684643523
0.324324324324 0.0278753543792
0.323529411765 0.0281191359267
0.323232323232 0.0281595975943
0.322580645161 0.0281848861366
0.321428571429 0.0283773549328
0.320987654321 0.0283773549328
0.32 0.0283773549328
0.31914893617 0.0285695478541
0.318181818182 0.0285695478541
0.317073170732 0.0285884356325
0.315789473684 0.0285884356325
0.314285714286 0.0290467822505
0.3125 0.0290467822505
0.311111111111 0.0296644817166
0.310344827586 0.0297100010927
0.30985915493 0.0298516169294
0.309523809524 0.0298516169294
0.307692307692 0.0298516169294
0.305555555556 0.0306156840171
0.304794520548 0.0306231983268
0.304347826087 0.0308141038314
0.303571428571 0.0310113544611
0.30303030303 0.0311964251587
0.302325581395 0.0312368868263
0.301587301587 0.0314087781765
0.3 0.0315554517217
0.299435028249 0.0325870366783
0.297297297297 0.032714895548
0.296296296296 0.0327604149241
0.294871794872 0.0328919153439
0.294736842105 0.0330432787641
0.294117647059 0.033164663767
0.292307692308 0.0336053984319
0.292134831461 0.0337105068094
0.291666666667 0.0337835056245
0.290322580645 0.0339528377035
0.29 0.0339174337443
0.289473684211 0.0339274096383
0.288888888889 0.0339162826797
0.285714285714 0.0339162826797
0.282608695652 0.0347015104071
0.282051282051 0.0347309896221
0.281385281385 0.0349470260261
0.28125 0.035161810045
0.28 0.035196916492
0.277777777778 0.0355234999521
0.276595744681 0.0354748401721
0.275862068966 0.0355808610592
0.272727272727 0.0355808610592
0.271428571429 0.0371302936529
0.271186440678 0.0371879515292
0.27027027027 0.0372284131968
0.269230769231 0.0375610311601
0.269035532995 0.0378783540427
0.268292682927 0.0380873578235
0.268041237113 0.0380873578235
0.267857142857 0.0382607538546
0.267441860465 0.03832611501
0.266666666667 0.0383872673031
0.265895953757 0.0390088893169
0.264705882353 0.0393134553242
0.263157894737 0.039318833293
0.262295081967 0.0398570157464
0.261904761905 0.0399581699154
0.260869565217 0.0400037856288
0.26 0.0400002563725
0.259259259259 0.0400736608269
0.258064516129 0.040275150298
0.257425742574 0.0404448002901
0.257142857143 0.0405459544592
0.256944444444 0.0405286137445
0.25641025641 0.0405783537598
0.255813953488 0.040544972884
0.255319148936 0.0407458405415
0.253164556962 0.0408059550192
0.252873563218 0.0408006805518
0.251533742331 0.0408911412801
0.25 0.040927556781
0.246913580247 0.0402171762939
0.246666666667 0.0402514988252
0.246268656716 0.0403163950595
0.244444444444 0.0404772301883
0.243902439024 0.0404772301883
0.243243243243 0.0405621996903
0.242718446602 0.0405624339651
0.242424242424 0.0406326638597
0.241379310345 0.0408486285774
0.24 0.0408803007051
0.239436619718 0.0411112207047
0.239130434783 0.0411112207047
0.238805970149 0.0412380969339
0.238095238095 0.0413620952714
0.237704918033 0.0411560769524
0.236842105263 0.04119653862
0.23595505618 0.04141422755
0.235294117647 0.0416269175003
0.234817813765 0.0420060702163
0.234567901235 0.0422527050481
0.233333333333 0.0423389389772
0.232558139535 0.0424579330633
0.232394366197 0.0425043720228
0.232142857143 0.042574581738
0.231292517007 0.0426489324722
0.230769230769 0.0426489324722
0.229166666667 0.0427883457794
0.228571428571 0.0424783368849
0.228070175439 0.0425467932972
0.227979274611 0.0425660125893
0.227272727273 0.0425660125893
0.22641509434 0.0429222168991
0.225806451613 0.0429222168991
0.225352112676 0.0429990728465
0.225 0.0430395345141
0.224489795918 0.0430383954047
0.224066390041 0.043219205558
0.223880597015 0.043346992144
0.223529411765 0.0434011663152
0.222222222222 0.0434820896505
0.220338983051 0.0433099402539
0.22 0.0434474856711
0.219512195122 0.0434565501356
0.219178082192 0.0434466283699
0.21875 0.0431734763913
0.218390804598 0.0432872133927
0.218181818182 0.0435613638058
0.217391304348 0.0437865818959
0.216666666667 0.0441070575299
0.216216216216 0.0441070575299
0.215909090909 0.04437836824
0.21568627451 0.0444408629134
0.215277777778 0.0443623323315
0.214285714286 0.0443801199056
0.213740458015 0.0443285851205
0.213523131673 0.0439564869299
0.212903225806 0.043926301044
0.212765957447 0.0440449994375
0.212389380531 0.0440616941256
0.212328767123 0.0440658890485
0.212121212121 0.0440827537435
0.211538461538 0.0440991381688
0.210526315789 0.0441135702192
0.210144927536 0.0445116421602
0.20979020979 0.0445753023101
0.209677419355 0.0445753023101
0.209302325581 0.0445868627865
0.208333333333 0.0446193928149
0.207792207792 0.0444846134238
0.207547169811 0.0445728223112
0.207207207207 0.0445728223112
0.206896551724 0.0446089611511
0.206349206349 0.0443138608036
0.20618556701 0.0443138608036
0.205882352941 0.0443810093211
0.205607476636 0.0445351460315
0.205479452055 0.0445351460315
0.205128205128 0.0446413579091
0.204819277108 0.0446353140092
0.204545454545 0.0446476202577
0.204081632653 0.044693848465
0.203883495146 0.0445343518689
0.203703703704 0.0445386096142
0.203539823009 0.0445386096142
0.203389830508 0.0445413214213
0.202898550725 0.0445631644672
0.202797202797 0.0445518341968
0.202380952381 0.0446411388775
0.201680672269 0.0446411388775
0.201438848921 0.0448382685093
0.2 0.0448712237137
0.199312714777 0.0417621588349
0.198717948718 0.0418299631571
0.198630136986 0.0418299631571
0.198412698413 0.0418367844763
0.198113207547 0.0418939621378
0.19801980198 0.0419183012199
0.197674418605 0.0419237559022
0.197530864198 0.0419237559022
0.197368421053 0.0419192779311
0.197183098592 0.0419204205607
0.19696969697 0.0418931829029
0.196721311475 0.041787161231
0.196428571429 0.0417832002467
0.196078431373 0.0418014079971
0.195652173913 0.0417555652511
0.19512195122 0.0417555652511
0.194915254237 0.0418609090332
0.194690265487 0.04187387084
0.194444444444 0.04187387084
0.194029850746 0.0415668290658
0.193939393939 0.041556263812
0.193548387097 0.0415587092974
0.19298245614 0.0418104554741
0.192307692308 0.041788201557
0.191780821918 0.0419253194715
0.191489361702 0.0419253194715
0.191176470588 0.0419805874689
0.190954773869 0.0419805874689
0.190871369295 0.0419413273772
0.190476190476 0.0419413273772
0.19014084507 0.0423075080965
0.19 0.0423430752076
0.189655172414 0.0423563518737
0.18954248366 0.0423361036619
0.189189189189 0.0423458334168
0.188940092166 0.0424282226661
0.188679245283 0.0424811083622
0.188571428571 0.0424901121948
0.188405797101 0.0425253586565
0.1875 0.0425433880791
0.187050359712 0.042618307869
0.18691588785 0.0427154088223
0.186440677966 0.0427154088223
0.186379928315 0.042781473384
0.186046511628 0.0428428958117
0.185840707965 0.0426838195373
0.185714285714 0.0426838195373
0.185185185185 0.0426891830606
0.185022026432 0.0425611738312
0.184971098266 0.0425550611327
0.184782608696 0.0425604239758
0.184615384615 0.0426093858622
0.184523809524 0.0426309727549
0.184210526316 0.0426336708552
0.184027777778 0.042599957148
0.183673469388 0.042599957148
0.183333333333 0.0426077604696
0.182926829268 0.0426308171369
0.182795698925 0.0426490248873
0.182692307692 0.0426517573636
0.18253968254 0.0426605697354
0.181818181818 0.0426605697354
0.181286549708 0.0416719794533
0.18125 0.0413946938194
0.180995475113 0.0413995602739
0.180952380952 0.0413995602739
0.18085106383 0.0413995602739
0.180722891566 0.0414014512583
0.180555555556 0.0414384955554
0.180327868852 0.0414038894667
0.18 0.0414038894667
0.179775280899 0.0413901595792
0.1796875 0.0413924077034
0.179487179487 0.0413943002756
0.179104477612 0.0416580452714
0.178861788618 0.0417343155149
0.178571428571 0.0417833659365
0.178403755869 0.0418529372345
0.178217821782 0.041605344081
0.178082191781 0.041605344081
0.177777777778 0.0415215209594
0.177631578947 0.0415513226513
0.177570093458 0.0415501304772
0.177419354839 0.0415501304772
0.177215189873 0.0415652968648
0.177083333333 0.0415652968648
0.176991150442 0.0415686164596
0.176923076923 0.0415686164596
0.176829268293 0.0415691168921
0.176470588235 0.0415937438624
0.176100628931 0.0412666255373
0.175925925926 0.0413254639162
0.175675675676 0.0413290344438
0.175438596491 0.0413434476386
0.175 0.041362706088
0.174603174603 0.0413924645629
0.174418604651 0.0413924645629
0.174311926606 0.0413924645629
0.173913043478 0.0413924645629
0.173333333333 0.0408949037035
0.173076923077 0.0408949037035
0.172972972973 0.0408949037035
0.172839506173 0.0408966655479
0.172413793103 0.0408465731086
0.172043010753 0.0409305920906
0.171875 0.0410096160892
0.171717171717 0.0410383547976
0.171428571429 0.0410352420481
0.171232876712 0.0408189510683
0.171171171171 0.0408052230025
0.171122994652 0.0408052230025
0.171052631579 0.0408087784486
0.170731707317 0.0408136924352
0.170454545455 0.0406012395174
0.17037037037 0.0406253368502
0.170212765957 0.0406253368502
0.169811320755 0.0406002259597
0.169491525424 0.0404026855734
0.16935483871 0.0404303856677
0.169230769231 0.0404303856677
0.169014084507 0.040533860211
0.168949771689 0.040533860211
0.16875 0.040533860211
0.168674698795 0.040533860211
0.16847826087 0.0406654275248
0.168421052632 0.0406654275248
0.168195718654 0.0406666109966
0.166666666667 0.0406759399632
0.165289256198 0.0343727506184
0.165217391304 0.0343727506184
0.164556962025 0.0343727506184
0.164383561644 0.0344043464206
0.164179104478 0.0344336572639
0.16393442623 0.0344207701189
0.16384180791 0.0344461706352
0.163793103448 0.0344461706352
0.163636363636 0.0344477118878
0.163461538462 0.0343746537774
0.163265306122 0.0343524448785
0.163043478261 0.0340890125124
0.162790697674 0.0340913237319
0.162601626016 0.034067531558
0.1625 0.0341053067248
0.162393162393 0.0339284797633
0.162337662338 0.0339284797633
0.162162162162 0.0339355349386
0.161870503597 0.034118377823
0.161764705882 0.0341170050164
0.16149068323 0.0341170050164
0.161290322581 0.0341170050164
0.161016949153 0.0337140348085
0.16091954023 0.033715581011
0.160804020101 0.033715581011
0.160714285714 0.0336912818677
0.16 0.0335602868661
0.159722222222 0.0334534045745
0.159292035398 0.0334553831405
0.159090909091 0.0334553831405
0.158974358974 0.0333184525065
0.158878504673 0.0333192310302
0.158823529412 0.0333215691892
0.15873015873 0.0333231301185
0.158536585366 0.0333231301185
0.158415841584 0.0333231301185
0.157894736842 0.033316083166
0.157446808511 0.0329363519597
0.157142857143 0.0329363519597
0.157024793388 0.0329371260977
0.156862745098 0.0325716013844
0.15671641791 0.0325547789981
0.156488549618 0.0325555697
0.15625 0.0325543671679
0.155963302752 0.0327047211295
0.155844155844 0.0327047211295
0.155737704918 0.0327157702772
0.155688622754 0.0327157702772
0.155555555556 0.0327189363169
0.155172413793 0.0324988444695
0.154929577465 0.0324978937304
0.154639175258 0.0324978937304
0.154471544715 0.0324986891731
0.154150197628 0.0325066064154
0.153846153846 0.0326503261646
0.153526970954 0.0312739009089
0.15350877193 0.0312739009089
0.153284671533 0.0312743998359
0.15306122449 0.0312743998359
0.152941176471 0.0312743998359
0.152777777778 0.0312743998359
0.152542372881 0.0312472404253
0.152317880795 0.0312479330856
0.152173913043 0.0312472479724
0.151785714286 0.0309097050757
0.151724137931 0.030848287033
0.151515151515 0.030848287033
0.151376146789 0.0309350126312
0.151260504202 0.0309739290575
0.150943396226 0.0309739290575
0.150793650794 0.0309742389049
0.150684931507 0.030990242607
0.150406504065 0.0308473926698
0.150326797386 0.0308478825824
0.15 0.0308478825824
0.149606299213 0.0307970928452
0.149425287356 0.0307970928452
0.149253731343 0.0308351846065
0.149068322981 0.0308351846065
0.148936170213 0.0308351846065
0.14880952381 0.0309811748196
0.148717948718 0.0309878259378
0.148648648649 0.0309883086334
0.148148148148 0.0309651887876
0.147826086957 0.0307568792634
0.147783251232 0.0307568792634
0.147727272727 0.0308073311195
0.147540983607 0.0308554516028
0.147368421053 0.030858735049
0.147058823529 0.030858735049
0.146666666667 0.0303351988591
0.146551724138 0.0303563735077
0.146341463415 0.0303563735077
0.14606741573 0.0303040481089
0.14598540146 0.0302614089409
0.145833333333 0.0302601428094
0.145454545455 0.0299876741275
0.145161290323 0.0300079180747
0.144927536232 0.0300083934059
0.144827586207 0.029800847134
0.144736842105 0.029867282275
0.144680851064 0.0298677578035
0.144578313253 0.0298983391243
0.144444444444 0.0297406327006
0.144329896907 0.0297545266563
0.144230769231 0.0297585540423
0.144144144144 0.0297585540423
0.14406779661 0.0297594058136
0.144 0.0297594058136
0.143939393939 0.0297594058136
0.143884892086 0.0297594058136
0.143835616438 0.0297594058136
0.14358974359 0.0297594058136
0.142857142857 0.0297523250218
0.142045454545 0.0234007345643
0.141592920354 0.0234007345643
0.141509433962 0.0234007345643
0.141414141414 0.0234010724584
0.141176470588 0.0234024252774
0.140845070423 0.023403085586
0.140740740741 0.0233621528718
0.140625 0.0233231327072
0.140495867769 0.0233443571265
0.140350877193 0.0233443571265
0.140243902439 0.0233347040724
0.140186915888 0.0233360509336
0.14 0.0233360509336
0.13986013986 0.0233409874977
0.139784946237 0.0233409874977
0.139534883721 0.0233409874977
0.139393939394 0.0231783607367
0.139240506329 0.0232370843736
0.138888888889 0.0232370843736
0.138686131387 0.0230952152276
0.138513513514 0.0230952152276
0.138461538462 0.0230952152276
0.138248847926 0.0231099304543
0.137931034483 0.0231471624437
0.13768115942 0.0231774930172
0.1375 0.0231761858425
0.137254901961 0.0231761858425
0.13698630137 0.0231100169431
0.136842105263 0.0231100169431
0.136752136752 0.023109071929
0.13671875 0.023109071929
0.136690647482 0.023109071929
0.136645962733 0.023109071929
0.136363636364 0.0231157660959
0.135922330097 0.022512854295
0.135849056604 0.022512854295
0.135802469136 0.0225131736182
0.135714285714 0.0225133830506
0.135593220339 0.0225133830506
0.135483870968 0.022201002191
0.135416666667 0.022201002191
0.135338345865 0.0221991720863
0.135135135135 0.0221991720863
0.134969325153 0.0221546522828
0.134831460674 0.0221546522828
0.134615384615 0.0221538309634
0.134529147982 0.0221158864864
0.134328358209 0.0220705785864
0.134185303514 0.0220715342286
0.134146341463 0.0220721718755
0.134020618557 0.0220725803888
0.133858267717 0.0221205414173
0.133802816901 0.0221205414173
0.133333333333 0.0221205414173
0.1328125 0.0209401986401
0.132743362832 0.0209404258708
0.132653061224 0.0209404258708
0.132530120482 0.0209404258708
0.132450331126 0.0209404258708
0.132352941176 0.0209491525418
0.132231404959 0.0209501827321
0.132183908046 0.0209561600239
0.132075471698 0.0209561600239
0.131944444444 0.0209561600239
0.131868131868 0.0209432099875
0.131782945736 0.0209434370482
0.131736526946 0.0208729932527
0.131578947368 0.0208729932527
0.131428571429 0.0207635166077
0.131313131313 0.0207635166077
0.131147540984 0.0207921631861
0.130952380952 0.02079261569
0.130890052356 0.0207927854052
0.130841121495 0.0207927854052
0.130434782609 0.0207927854052
0.130136986301 0.0207616282919
0.130081300813 0.020761797914
0.13 0.0206660893132
0.129921259843 0.0206913796336
0.12987012987 0.0206918139487
0.12972972973 0.0207061927787
0.12962962963 0.0207137938071
0.129496402878 0.0207218501639
0.129411764706 0.0207218501639
0.129353233831 0.0207218501639
0.129310344828 0.0207218501639
0.12925170068 0.0207445507359
0.129032258065 0.0207445507359
0.128888888889 0.0206548258748
0.128787878788 0.0206548258748
0.128712871287 0.0206548258748
0.128571428571 0.0206548258748
0.128440366972 0.0206548258748
0.128378378378 0.0206566429184
0.128205128205 0.0206566429184
0.128 0.0205746571047
0.127906976744 0.020557634422
0.127659574468 0.020557634422
0.127516778523 0.0204782621937
0.127450980392 0.0204782621937
0.127272727273 0.0204782621937
0.127192982456 0.0204563274858
0.126984126984 0.0204563274858
0.126829268293 0.0204661394842
0.12676056338 0.0204661394842
0.126666666667 0.0204661394842
0.126582278481 0.0204661394842
0.126436781609 0.020464738888
0.126373626374 0.0204649034458
0.126213592233 0.0204635967102
0.126126126126 0.0204644252399
0.126050420168 0.0204644252399
0.125984251969 0.0204644252399
0.125925925926 0.0204644252399
0.125874125874 0.0204646472302
0.125654450262 0.0204646472302
0.125628140704 0.0204641165766
0.125461254613 0.0204641165766
0.125 0.0204643292853
0.124463519313 0.0154699844125
0.124137931034 0.0154701700245
0.124031007752 0.015462997949
0.123966942149 0.015462997949
0.12389380531 0.015462997949
0.12380952381 0.015462997949
0.123711340206 0.0154610370727
0.123655913978 0.0154203807687
0.123595505618 0.0154203807687
0.123456790123 0.0154203807687
0.123287671233 0.0153247901419
0.123076923077 0.0153109501083
0.122950819672 0.0153010266541
0.122807017544 0.0153010266541
0.122641509434 0.0152568401252
0.122448979592 0.0150875022052
0.122222222222 0.0150321836664
0.121951219512 0.0150321836664
0.121739130435 0.0148821221813
0.121621621622 0.0148715443747
0.121495327103 0.0148721964024
0.121428571429 0.0148721964024
0.121212121212 0.0148721964024
0.120967741935 0.01476980372
0.120879120879 0.01476980372
0.120689655172 0.0147700400135
0.120481927711 0.0147708571398
0.120418848168 0.0147710189083
0.12030075188 0.0147710189083
0.12 0.0147710189083
0.119658119658 0.0143592280142
0.119565217391 0.0143589602684
0.119402985075 0.0143589602684
0.119266055046 0.014340637609
0.119230769231 0.014346084372
0.119047619048 0.0143462983847
0.118942731278 0.0138613946706
0.118811881188 0.0138613946706
0.118644067797 0.0138648959895
0.118483412322 0.0138675224048
0.118421052632 0.013868040607
0.118279569892 0.0138250336185
0.118181818182 0.0137564806279
0.118055555556 0.0137564806279
0.117924528302 0.0137561223357
0.117647058824 0.0137556489738
0.117216117216 0.012988046923
0.1171875 0.0129881837091
0.117117117117 0.0129882521109
0.117073170732 0.0129831048578
0.117021276596 0.012979058691
0.116981132075 0.0129819854998
0.116883116883 0.0129820538208
0.116788321168 0.0129823499967
0.116666666667 0.0129825549998
0.116504854369 0.0129197365164
0.116402116402 0.012920349734
0.116279069767 0.012920349734
0.116182572614 0.0128882586202
0.115942028986 0.0128882586202
0.115789473684 0.0128883945528
0.115606936416 0.0128885219931
0.115384615385 0.0128885899635
0.115044247788 0.0127105202584
0.114942528736 0.0127105202584
0.114754098361 0.0127105202584
0.114583333333 0.0127105867198
0.114285714286 0.0127106531864
0.114093959732 0.012495019533
0.114035087719 0.012495019533
0.114006514658 0.0124893676514
0.113989637306 0.0124894344481
0.113924050633 0.0124894344481
0.113821138211 0.0124894344481
0.113636363636 0.0124894344481
0.113475177305 0.0124802054239
0.113333333333 0.0124160547661
0.11320754717 0.0124160547661
0.113043478261 0.0120810755209
0.112903225806 0.0120811411461
0.112676056338 0.0120605681711
0.1125 0.0120884998108
0.112359550562 0.0120886970522
0.112299465241 0.0120395812497
0.112244897959 0.0120395812497
0.11214953271 0.0120395812497
0.112068965517 0.0120397119493
0.112 0.0120397119493
0.111940298507 0.0120397119493
0.111782477341 0.012039973406
0.111553784861 0.0120150771923
0.111111111111 0.0120154042645
0.110526315789 0.00932863039807
0.11038961039 0.00932898547868
0.110344827586 0.00932898547868
0.110294117647 0.00932904467253
0.110236220472 0.00932904467253
0.110169491525 0.00932904467253
0.110091743119 0.00933082557669
0.11 0.00933106248006
0.10989010989 0.00933106248006
0.109756097561 0.00933106248006
0.109589041096 0.00933112171569
0.109375 0.00933124019871
0.109289617486 0.00925901396298
0.109090909091 0.00925901396298
0.108974358974 0.00925907290633
0.108910891089 0.00925913185345
0.108843537415 0.00925913185345
0.108695652174 0.00925913185345
0.108527131783 0.00921791618148
0.108490566038 0.00921797499467
0.10843373494 0.00921797499467
0.108333333333 0.00911838291338
0.108108108108 0.00911844209592
0.107913669065 0.00896150264262
0.107843137255 0.00896150264262
0.107784431138 0.0089616799978
0.107692307692 0.00896185738605
0.107638888889 0.00896185738605
0.10752688172 0.00896203480738
0.107438016529 0.00896233058308
0.107382550336 0.00896233058308
0.107344632768 0.00896233058308
0.107142857143 0.00896244891908
0.106976744186 0.00868716160501
0.106951871658 0.00868716160501
0.106918238994 0.00868716160501
0.106796116505 0.00868716160501
0.106666666667 0.00868722037663
0.106598984772 0.00868880921255
0.106557377049 0.00868880921255
0.106382978723 0.0086846272787
0.106194690265 0.00865421303985
0.106145251397 0.00865421303985
0.106060606061 0.00865427189896
0.105960264901 0.00869561687984
0.10593220339 0.00869561687984
0.105919003115 0.00869561687984
0.105882352941 0.00870592027829
0.105769230769 0.00870592027829
0.105590062112 0.00870592027829
0.10546875 0.00870592027829
0.105263157895 0.00870592027829
0.104972375691 0.00818081857997
0.104938271605 0.00818081857997
0.104895104895 0.00818081857997
0.104838709677 0.00818081857997
0.104761904762 0.00814076441556
0.104712041885 0.0081812843113
0.104651162791 0.0081812843113
0.104575163399 0.0081812843113
0.104545454545 0.0081812843113
0.10447761194 0.008181575502
0.104347826087 0.00817758688841
0.104166666667 0.00817758688841
0.10407239819 0.00814675805512
0.104 0.00814675805512
0.103896103896 0.00818535062625
0.103825136612 0.00818519724889
0.103773584906 0.00818519724889
0.103734439834 0.00818537204263
0.103703703704 0.00818624646041
0.103448275862 0.00818630478154
0.103174603175 0.00806838093479
0.103139013453 0.00808033269175
0.103092783505 0.00808033269175
0.102941176471 0.00808039117396
0.102857142857 0.00805460744053
0.102803738318 0.00805460744053
0.102739726027 0.00805466590614
0.102564102564 0.00805466590614
0.102362204724 0.00798482294167
0.102272727273 0.00798482294167
0.102222222222 0.00798493967737
0.102150537634 0.00798493967737
0.102040816327 0.00798493967737
0.101851851852 0.00794052570747
0.101694915254 0.00794075777518
0.101449275362 0.00794243180017
0.101351351351 0.00794308624645
0.101265822785 0.00794326034721
0.101123595506 0.00794326034721
0.101063829787 0.00794331838721
0.10101010101 0.00794331838721
0.100961538462 0.0079433764304
0.100917431193 0.00791837815216
0.100840336134 0.00791843621457
0.100775193798 0.00791843621457
0.10071942446 0.00791861042102
0.10067114094 0.00791861042102
0.100628930818 0.00791866849624
0.100591715976 0.00791866849624
0.100502512563 0.00791866849624
0.100436681223 0.00791866849624
0.1 0.00791866849624
0.0995260663507 0.00569093072523
0.0995024875622 0.00569093072523
0.0993150684932 0.00569093072523
0.0992366412214 0.00569104292702
0.0992063492063 0.00567325956762
0.099173553719 0.00567370870127
0.0990990990991 0.00567370870127
0.0990566037736 0.00567370870127
0.0990099009901 0.00567370870127
0.0989010989011 0.00567370870127
0.0987654320988 0.00568809491978
0.0985915492958 0.00568826342567
0.0985221674877 0.0056883757771
0.0984848484848 0.0056883757771
0.0983606557377 0.00568843195707
0.0982142857143 0.00568876909638
0.0981818181818 0.00568876909638
0.0981308411215 0.00568888149882
0.0980392156863 0.00568888149882
0.0979020979021 0.00563935418126
0.0978723404255 0.00563935418126
0.0978260869565 0.00563969125893
0.0977443609023 0.00563969125893
0.0976430976431 0.00563969125893
0.0975609756098 0.00563969125893
0.0973451327434 0.0055869111845
0.0972972972973 0.0055869111845
0.0972762645914 0.00558696673838
0.0972222222222 0.00558702229503
0.0970873786408 0.0055773758757
0.0970149253731 0.0055773758757
0.0969387755102 0.0055773758757
0.0968992248062 0.00557804263445
0.0967741935484 0.00557804263445
0.0966183574879 0.00550823181473
0.0965517241379 0.00550828754093
0.0964912280702 0.00550839900156
0.0963855421687 0.00550839900156
0.0962962962963 0.005508454736
0.096256684492 0.005508454736
0.0961538461538 0.005508454736
0.0960698689956 0.00550886977665
0.0960451977401 0.00550886977665
0.096 0.00550886977665
0.0958904109589 0.00550886977665
0.0958083832335 0.00546629238241
0.0957446808511 0.00546629238241
0.0955882352941 0.00546657126261
0.0955056179775 0.00546668283389
0.0954198473282 0.00541894582534
0.0952380952381 0.00541894582534
0.0950226244344 0.00498507797794
0.0949720670391 0.00498518919565
0.0948905109489 0.00498518919565
0.0948275862069 0.00498524480856
0.0947368421053 0.00498524480856
0.094674556213 0.00498541166343
0.0945945945946 0.0049855229135
0.0944881889764 0.00498563417434
0.0943396226415 0.00498568980881
0.0942408376963 0.00498607932555
0.0942249240122 0.00498607932555
0.0941176470588 0.00498624630173
0.0940170940171 0.00498680306421
0.0939597315436 0.00498680306421
0.09375 0.00498680306421
0.0936454849498 0.00493875955961
0.0935960591133 0.00493937093314
0.0935251798561 0.00493937093314
0.0934579439252 0.00493937093314
0.0934065934066 0.00493942652859
0.0933852140078 0.00493942652859
0.0933333333333 0.00493942652859
0.0932203389831 0.00494010698112
0.0931677018634 0.00494010698112
0.093023255814 0.00494010698112
0.0928961748634 0.00498354196735
0.0928571428571 0.00498426680137
0.0927835051546 0.00498432257653
0.0927152317881 0.00498437835435
0.0925925925926 0.00498443413484
0.0924369747899 0.00494824440446
0.0923913043478 0.00494824440446
0.0923076923077 0.00494835590572
0.0921985815603 0.00494887991837
0.0921052631579 0.00494943775183
0.0919540229885 0.00494949354981
0.0918918918919 0.0049655302416
0.0918367346939 0.0049655302416
0.0917431192661 0.0049655302416
0.0916666666667 0.0049655302416
0.0916030534351 0.0049655302416
0.0915492957746 0.00496608860718
0.0915032679739 0.00496636788975
0.0914634146341 0.00496636788975
0.0914454277286 0.00496636788975
0.0914285714286 0.00496653549121
0.0913705583756 0.00496653549121
0.0912408759124 0.00496653549121
0.0911854103343 0.00496653549121
0.0909090909091 0.00496703843928
0.0905172413793 0.00376371569835
0.0902777777778 0.00376411488243
0.0902255639098 0.00376411488243
0.0901639344262 0.00376422432997
0.0901287553648 0.00376422432997
0.0900900900901 0.00376422432997
0.0900473933649 0.00376422432997
0.09 0.00376422432997
0.0899470899471 0.00376427905742
0.0898876404494 0.00376427905742
0.0897959183673 0.00376433378733
0.0897435897436 0.00376433378733
0.0896860986547 0.00376471696547
0.0896551724138 0.00376471696547
0.089552238806 0.00376471696547
0.0894308943089 0.00376504549964
0.0894039735099 0.00376504549964
0.0892857142857 0.00376504549964
0.0891719745223 0.00374828020701
0.0891089108911 0.00374828020701
0.0890688259109 0.00374828020701
0.0890410958904 0.00374828020701
0.0889570552147 0.00374838985175
0.0888888888889 0.00374838985175
0.0887096774194 0.00372163201063
0.0886075949367 0.00372163201063
0.0885416666667 0.00372174177459
0.0884955752212 0.00372174177459
0.0882352941176 0.00372174177459
0.0881057268722 0.00365066535013
0.088 0.00365072029075
0.0879120879121 0.00365083017933
0.0878661087866 0.00365290821068
0.0878378378378 0.0036529631611
0.0877192982456 0.00365312802707
0.0876712328767 0.00365358498245
0.0875912408759 0.00365363995525
0.0875 0.00365363995525
0.0874316939891 0.00365385987093
0.0873786407767 0.00365385987093
0.0873362445415 0.00365385987093
0.0873015873016 0.00365385987093
0.0872483221477 0.00365385987093
0.0872093023256 0.00365385987093
0.0871794871795 0.00365385987093
0.0871670702179 0.00365396984348
0.0869565217391 0.00365396984348
0.0866666666667 0.0035714437354
0.0866141732283 0.00357232741407
0.0865384615385 0.00357232741407
0.0864864864865 0.00357249260644
0.0864197530864 0.00357249260644
0.0862068965517 0.0035725476754
0.0860655737705 0.00348588348077
0.0860215053763 0.00348588348077
0.0859728506787 0.00348593866215
0.0859375 0.00348593866215
0.085910652921 0.00348593866215
0.0858895705521 0.00348604903215
0.0858585858586 0.00348604903215
0.0858369098712 0.00348621460525
0.0857142857143 0.00348621460525
0.0855614973262 0.00342920629041
0.0855263157895 0.00342920629041
0.0854700854701 0.00342920629041
0.0853658536585 0.00342920629041
0.085308056872 0.00342948177928
0.0852713178295 0.00342948177928
0.0852272727273 0.00342948177928
0.085201793722 0.00342948177928
0.0851063829787 0.00342948177928
0.085 0.00343044828097
0.0849056603774 0.00343044828097
0.0848484848485 0.00343044828097
0.0847457627119 0.00343055854633
0.0846153846154 0.00343358689567
0.0845070422535 0.00337333570527
0.0844444444444 0.00337344605697
0.0844155844156 0.00337350123641
0.0843373493976 0.00337350123641
0.0842105263158 0.00337355641825
0.0841121495327 0.00337355641825
0.0840336134454 0.00337361160247
0.0839694656489 0.00337361160247
0.0837988826816 0.00337361160247
0.0833333333333 0.00337361160247
0.0830039525692 0.00300864495368
0.0828729281768 0.00300864495368
0.0828025477707 0.00300864495368
0.0827586206897 0.00300864495368
0.0827067669173 0.00300864495368
0.0826446280992 0.00300864495368
0.0825688073394 0.00300864495368
0.0824742268041 0.00300869913027
0.0823529411765 0.00300875330912
0.0821917808219 0.00300875330912
0.0820895522388 0.00300964452677
0.0819672131148 0.0030097529358
0.0818181818182 0.00300986135383
0.0817610062893 0.00301002399776
0.0816326530612 0.00301002399776
0.0814814814815 0.00294425831296
0.0814479638009 0.00294425831296
0.0813953488372 0.00294425831296
0.0813008130081 0.00294463847761
0.0810810810811 0.00294463847761
0.0809523809524 0.00303668508175
0.0809248554913 0.00303668508175
0.0808823529412 0.00303668508175
0.0808080808081 0.00303668508175
0.0807453416149 0.00303668508175
0.0807174887892 0.00303668508175
0.0806451612903 0.00303668508175
0.0805369127517 0.00303196541893
0.0804597701149 0.00303201972754
0.0804020100503 0.00303201972754
0.0803571428571 0.00303201972754
0.0802919708029 0.00303201972754
0.0802469135802 0.00303201972754
0.0801886792453 0.00303201972754
0.0801282051282 0.00303207403838
0.08 0.00303207403838
0.0798122065728 0.00298033309898
0.079754601227 0.00298033309898
0.0797101449275 0.00298033309898
0.0796812749004 0.00298033309898
0.0796460176991 0.00298038746161
0.0796019900498 0.00298038746161
0.0795454545455 0.00298038746161
0.0795107033639 0.00298049619352
0.0794979079498 0.00298049619352
0.0794701986755 0.00298049619352
0.0794223826715 0.00298049619352
0.0793650793651 0.00298055056279
0.0792682926829 0.00298071368391
0.0792452830189 0.00298076806205
0.0792079207921 0.00298076806205
0.0791366906475 0.00298093120975
0.0790697674419 0.00298093120975
0.0789473684211 0.00298093120975
0.0788177339901 0.00296158017675
0.0787878787879 0.00296158017675
0.0787401574803 0.00296158017675
0.0786516853933 0.00296158017675
0.0786026200873 0.00296158017675
0.0785714285714 0.00296158017675
0.0785123966942 0.00294386257563
0.078431372549 0.00294386257563
0.0783699059561 0.00294252904602
0.078313253012 0.00294252904602
0.0782608695652 0.00294263806867
0.078231292517 0.00294263806867
0.0781893004115 0.00294263806867
0.078125 0.00294280161923
0.0780669144981 0.00294307424768
0.0779220779221 0.00294307424768
0.0777777777778 0.00294334693137
0.0777202072539 0.00294345602032
0.0776699029126 0.00294345602032
0.0775862068966 0.00294345602032
0.0775510204082 0.00294345602032
0.077519379845 0.00294345602032
0.0774647887324 0.00294345602032
0.0774193548387 0.00294345602032
0.0773480662983 0.00294345602032
0.0772946859903 0.00294345602032
0.0772532188841 0.00294345602032
0.0772058823529 0.00294345602032
0.0771704180064 0.00294345602032
0.0769230769231 0.00294345602032
0.0765957446809 0.00237793878264
0.0765432098765 0.00237793878264
0.0765306122449 0.00237793878264
0.0765027322404 0.00237793878264
0.0764705882353 0.00237793878264
0.0764331210191 0.00237793878264
0.0763888888889 0.00237793878264
0.0763636363636 0.00237799237128
0.0763358778626 0.00237799237128
0.0762711864407 0.00237804596202
0.0762331838565 0.00237804596202
0.0761904761905 0.00237804596202
0.0760869565217 0.00237804596202
0.0759493670886 0.00237886621727
0.0758620689655 0.00237891977885
0.0757575757576 0.00237891977885
0.0756972111554 0.00237913404613
0.0756756756757 0.00237913404613
0.0756578947368 0.00237913404613
0.0756302521008 0.00237913404613
0.0755813953488 0.00237913404613
0.0755395683453 0.00237913404613
0.0754716981132 0.00237913404613
0.0753768844221 0.0023558365264
0.0753424657534 0.00235589016937
0.0752688172043 0.00235589016937
0.0751879699248 0.00235594381444
0.0751445086705 0.0023559974616
0.075 0.0023559974616
0.0749279538905 0.00229676147999
0.0748663101604 0.00229676147999
0.0748299319728 0.00229676147999
0.0747663551402 0.00229676147999
0.0747330960854 0.00229676147999
0.0747126436782 0.00229676147999
0.0746268656716 0.00229676147999
0.0745614035088 0.00229378221353
0.0745341614907 0.00229378221353
0.0745098039216 0.00229383590138
0.0744680851064 0.00229383590138
0.0743801652893 0.00229388959132
0.0743243243243 0.00229388959132
0.0742574257426 0.00229394328335
0.0742358078603 0.00229394328335
0.0740740740741 0.00229394328335
0.0739130434783 0.00229658409328
0.0738916256158 0.00229658409328
0.0738636363636 0.00229658409328
0.0737704918033 0.00229658409328
0.0736842105263 0.0022966378268
0.0736196319018 0.00229669156242
0.0735294117647 0.00229669156242
0.0733944954128 0.00229690652577
0.0733333333333 0.00229690652577
0.0732984293194 0.00229690652577
0.073275862069 0.00229690652577
0.0732323232323 0.00229690652577
0.0731707317073 0.00229690652577
0.0730769230769 0.0022905897708
0.0730337078652 0.0022905897708
0.0730158730159 0.0022905897708
0.0729927007299 0.0022905897708
0.0729166666667 0.0022905897708
0.0728476821192 0.0022905897708
0.0727272727273 0.0022905897708
0.0725806451613 0.0022006486784
0.0725388601036 0.0022006486784
0.0724637681159 0.0022006486784
0.0723981900452 0.0022006486784
0.0723684210526 0.0022006486784
0.0722891566265 0.002200702396
0.0722222222222 0.002200702396
0.0721649484536 0.002200702396
0.0720720720721 0.00220080983744
0.0720338983051 0.00220080983744
0.072 0.00220080983744
0.0719424460432 0.00220080983744
0.0718562874251 0.00220080983744
0.0717948717949 0.00220086356128
0.0717703349282 0.00220086356128
0.0717299578059 0.00220086356128
0.0714285714286 0.00220086356128
0.0711462450593 0.00147897448173
0.071129707113 0.00147897448173
0.0711111111111 0.00147897448173
0.0710059171598 0.00147897448173
0.0709219858156 0.00147897448173
0.0708661417323 0.00147897448173
0.070796460177 0.00147897448173
0.0707070707071 0.00147897448173
0.070652173913 0.00147897448173
0.0705882352941 0.00147897448173
0.0705128205128 0.00147913426714
0.0704225352113 0.00147913426714
0.070351758794 0.00147924080083
0.0703125 0.00147924080083
0.0702341137124 0.00147924080083
0.0701754385965 0.00147924080083
0.0701298701299 0.00147950717036
0.070110701107 0.00147950717036
0.0700934579439 0.00147950717036
0.0700636942675 0.00147950717036
0.0700389105058 0.00147950717036
0.07 0.00147950717036
0.0699300699301 0.00147950717036
0.0698924731183 0.00147950717036
0.0697674418605 0.00147950717036
0.0696202531646 0.00148121312943
0.0695652173913 0.00148121312943
0.0694444444444 0.00148121312943
0.069387755102 0.00148158658331
0.0693069306931 0.00148158658331
0.0692640692641 0.00148158658331
0.0692307692308 0.00148163994193
0.0691823899371 0.00148174666523
0.0691489361702 0.00148174666523
0.0691056910569 0.00148174666523
0.0690789473684 0.00148174666523
0.0689655172414 0.00148174666523
0.0687830687831 0.00148229030563
0.06875 0.00148229030563
0.0687022900763 0.00148229030563
0.0686274509804 0.00148229030563
0.0685714285714 0.00148229030563
0.0684931506849 0.00148229030563
0.0684039087948 0.00148239713122
0.0683760683761 0.00148239713122
0.068345323741 0.00148239713122
0.0683229813665 0.00148239713122
0.0682593856655 0.00148239713122
0.0681818181818 0.00148239713122
0.0680628272251 0.00148341237584
0.0680272108844 0.00148341237584
0.0679611650485 0.00148341237584
0.0679012345679 0.00148341237584
0.0678733031674 0.00148341237584
0.0677966101695 0.00144316453651
0.0677083333333 0.00144375273042
0.0676691729323 0.00144375273042
0.0676328502415 0.00144375273042
0.0675675675676 0.00144375273042
0.0674846625767 0.00144380621467
0.0674157303371 0.00144380621467
0.0673575129534 0.00144391318921
0.0673076923077 0.00144391318921
0.067264573991 0.0014439666795
0.0672268907563 0.0014439666795
0.0671641791045 0.0014439666795
0.0671140939597 0.0014439666795
0.0670926517572 0.0014439666795
0.0670731707317 0.0014439666795
0.0670103092784 0.0014439666795
0.066985645933 0.0014439666795
0.0669642857143 0.0014439666795
0.0666666666667 0.0014439666795
0.0663900414938 0.00126024005735
0.0663507109005 0.00126024005735
0.0663265306122 0.00126024005735
0.0662983425414 0.00126024005735
0.066265060241 0.00126024005735
0.0662251655629 0.00126024005735
0.0661764705882 0.00126024005735
0.0661157024793 0.00126024005735
0.0660792951542 0.00126024005735
0.0660377358491 0.00126024005735
0.0659340659341 0.00126024005735
0.0658682634731 0.00126029315465
0.0658436213992 0.00126029315465
0.0657894736842 0.00126029315465
0.0657276995305 0.00126034625392
0.0656934306569 0.00126034625392
0.0656565656566 0.00126034625392
0.0655737704918 0.00126034625392
0.0655172413793 0.00126050556353
0.0655021834061 0.00126050556353
0.0654761904762 0.00126050556353
0.0654205607477 0.00126050556353
0.0653594771242 0.00126050556353
0.0652173913043 0.00126055867067
0.0651162790698 0.00126103672349
0.0650887573964 0.00126103672349
0.0650406504065 0.00126103672349
0.065 0.00126103672349
0.0649350649351 0.00126103672349
0.0648648648649 0.00126039409393
0.0648148148148 0.00126039409393
0.0647482014388 0.00126055312535
0.0647058823529 0.00126055312535
0.0646551724138 0.00126055312535
0.0645161290323 0.00126055312535
0.0642857142857 0.00126290929361
0.0642201834862 0.00126290929361
0.0641891891892 0.00126290929361
0.0641025641026 0.00126290929361
0.064039408867 0.00126296234789
0.064 0.00126296234789
0.0639534883721 0.00126301540413
0.063829787234 0.00126301540413
0.0637254901961 0.00126370830791
0.0636942675159 0.00126370830791
0.0636363636364 0.00126370830791
0.0635838150289 0.00126392062769
0.0634920634921 0.00126392062769
0.0634328358209 0.00126413297879
0.0634146341463 0.00126413297879
0.0633802816901 0.0012642737761
0.0632911392405 0.0012642737761
0.0632183908046 0.00126432667245
0.0631578947368 0.00126432667245
0.0631067961165 0.00126448537318
0.0630914826498 0.00126448537318
0.0630630630631 0.00126448537318
0.063025210084 0.00126448537318
0.0629921259843 0.00126448537318
0.0629370629371 0.0012645382773
0.0628571428571 0.00126459118337
0.0628272251309 0.00126459118337
0.0628019323671 0.00126459118337
0.0626959247649 0.00126459118337
0.0625 0.00126459118337
0.0622406639004 0.00117907984407
0.0622222222222 0.00117907984407
0.0621761658031 0.00117907984407
0.0621468926554 0.00117907984407
0.0620689655172 0.00117907984407
0.0620437956204 0.00117907984407
0.062015503876 0.00117918565217
0.0619469026549 0.00117918565217
0.0618892508143 0.00117918565217
0.0618556701031 0.00117918565217
0.0618181818182 0.00117918565217
0.061797752809 0.00117918565217
0.0617283950617 0.00117918565217
0.0616740088106 0.0011792385591
0.0616438356164 0.0011792385591
0.0615942028986 0.0011792385591
0.0615384615385 0.0011792385591
0.0614525139665 0.00117945020612
0.0614035087719 0.00117945020612
0.0613496932515 0.0011795031227
0.0612244897959 0.0011795031227
0.0611620795107 0.0011798206626
0.0611510791367 0.0011798206626
0.0611111111111 0.0011798206626
0.0610687022901 0.0011798206626
0.0610328638498 0.0011798206626
0.0609756097561 0.00117987359267
0.0609318996416 0.00118008533219
0.0609137055838 0.00118008533219
0.0608695652174 0.00118008533219
0.0608108108108 0.00118013827189
0.060773480663 0.00118013827189
0.0607476635514 0.00118013827189
0.0607142857143 0.00118013827189
0.0606060606061 0.00118013827189
0.0604395604396 0.00118152473173
0.0604026845638 0.00118152473173
0.0603448275862 0.00118152473173
0.0603015075377 0.00118152473173
0.0602409638554 0.00118152473173
0.0601503759398 0.00118163065106
0.0601092896175 0.00118163065106
0.0600522193211 0.00118163065106
0.06 0.00118163065106
0.0599078341014 0.00118226632876
0.059880239521 0.00118226632876
0.0598290598291 0.00118226632876
0.0597826086957 0.00118231931441
0.0597014925373 0.00118231931441
0.0596330275229 0.00118247828291
0.0596026490066 0.00118247828291
0.0595238095238 0.00118247828291
0.0594795539033 0.00118253127626
0.0594059405941 0.00118253127626
0.0593220338983 0.00118258427153
0.0592885375494 0.00118258427153
0.0592592592593 0.00118258427153
0.0592105263158 0.00118258427153
0.0591715976331 0.00118258427153
0.0591397849462 0.00118258427153
0.0591133004926 0.00118258427153
0.0590405904059 0.00118258427153
0.0590277777778 0.00118258427153
0.0590163934426 0.00118258427153
0.0588235294118 0.00118258427153
0.0585774058577 0.0011798976981
0.0585365853659 0.0011798976981
0.0585106382979 0.0011798976981
0.0584795321637 0.0011798976981
0.0584192439863 0.0011798976981
0.0583941605839 0.0011798976981
0.0583333333333 0.0011798976981
0.0582959641256 0.0011798976981
0.058282208589 0.0011798976981
0.0582524271845 0.0011798976981
0.0582010582011 0.0011798976981
0.0581395348837 0.00118005623507
0.058064516129 0.00118005623507
0.0579710144928 0.00118005623507
0.0578947368421 0.00118196744736
0.0578512396694 0.00118196744736
0.0578034682081 0.00118196744736
0.057761732852 0.00118196744736
0.0576923076923 0.00118196744736
0.0576131687243 0.00118270782767
0.0575916230366 0.00118270782767
0.0575539568345 0.00118270782767
0.0574712643678 0.00118270782767
0.0574324324324 0.00118270782767
0.0574162679426 0.00118270782767
0.0573770491803 0.00118270782767
0.0573248407643 0.00118270782767
0.0572916666667 0.00118270782767
0.057268722467 0.00118270782767
0.0572519083969 0.00118270782767
0.0571428571429 0.00118270782767
0.0570342205323 0.00118440531046
0.0569948186528 0.00118440531046
0.0569620253165 0.00118440531046
0.0569105691057 0.00118440531046
0.0568720379147 0.00118440531046
0.0568181818182 0.00118440531046
0.056768558952 0.00118440531046
0.0567375886525 0.00118440531046
0.0567010309278 0.00118440531046
0.0566037735849 0.00118440531046
0.0564971751412 0.00118493535083
0.0564516129032 0.00118493535083
0.0564102564103 0.00118493535083
0.0563909774436 0.00118493535083
0.056338028169 0.00118493535083
0.0562770562771 0.00118498828966
0.05625 0.00118498828966
0.0561797752809 0.00118498828966
0.0560747663551 0.00118498828966
0.056 0.00118504123039
0.0559440559441 0.00118504123039
0.055900621118 0.00118504123039
0.0558659217877 0.00118504123039
0.0558375634518 0.00118504123039
0.0558139534884 0.00118504123039
0.0555555555556 0.00118504123039
0.0553359683794 0.00108487130986
0.0553191489362 0.00108487130986
0.0552995391705 0.00108487130986
0.0552763819095 0.00108487130986
0.0552486187845 0.00108487130986
0.0552147239264 0.00108487130986
0.0551724137931 0.00108487130986
0.0551470588235 0.00108487130986
0.0551181102362 0.00108487130986
0.0550458715596 0.00108487130986
0.055 0.00108487130986
0.0549450549451 0.00108487130986
0.0549132947977 0.00108524101562
0.0548780487805 0.00108524101562
0.0547945205479 0.00108529383828
0.0547263681592 0.00108529383828
0.0546875 0.00108529383828
0.0546448087432 0.00108529383828
0.0546218487395 0.00108529383828
0.0545454545455 0.00108529383828
0.0544747081712 0.00108539948924
0.0544554455446 0.00108539948924
0.0544217687075 0.00108539948924
0.054347826087 0.00108539948924
0.0543130990415 0.00108550514774
0.0542635658915 0.00108550514774
0.0542168674699 0.00108555797982
0.0541871921182 0.00108555797982
0.0540540540541 0.00108555797982
0.0539568345324 0.00108651219403
0.0539215686275 0.00108651219403
0.0538922155689 0.00108651219403
0.0538461538462 0.00108651219403
0.0537634408602 0.00108651219403
0.0537190082645 0.00108651219403
0.0536912751678 0.00108651219403
0.0536585365854 0.00108651219403
0.0535714285714 0.00108651219403
0.0534979423868 0.00108667060626
0.0534759358289 0.0010867234141
0.0534351145038 0.0010867234141
0.0533980582524 0.0010867234141
0.0533807829181 0.0010867234141
0.0533333333333 0.0010867234141
0.0532786885246 0.0010867234141
0.0532544378698 0.0010867234141
0.0531914893617 0.0010867234141
0.0531400966184 0.0010867234141
0.0530973451327 0.0010867234141
0.0530303030303 0.0010867234141
0.0529801324503 0.0010867234141
0.0529411764706 0.0010867234141
0.0529100529101 0.0010867234141
0.0528846153846 0.0010867234141
0.0526315789474 0.0010867234141
0.0524193548387 0.00108799403688
0.0524017467249 0.00108799403688
0.052380952381 0.00108799403688
0.0523255813953 0.00108799403688
0.0522875816993 0.00108799403688
0.0522388059701 0.00108799403688
0.0521739130435 0.00108799403688
0.0521327014218 0.00108799403688
0.0521172638436 0.00108799403688
0.0520833333333 0.00108799403688
0.0520231213873 0.00108799403688
0.0519480519481 0.00108799403688
0.0518867924528 0.00108799403688
0.0518518518519 0.00108799403688
0.0518134715026 0.00108799403688
0.0517928286853 0.00108799403688
0.051724137931 0.00108799403688
0.0516605166052 0.0010883102108
0.0516431924883 0.0010883102108
0.0516129032258 0.0010883102108
0.0515463917526 0.0010883102108
0.0515021459227 0.0010883102108
0.0514705882353 0.0010883102108
0.0514285714286 0.0010883102108
0.0514018691589 0.0010883102108
0.0513833992095 0.0010883102108
0.0513698630137 0.0010883102108
0.0512820512821 0.0010883102108
0.0511627906977 0.00108910094001
0.0511363636364 0.00108910094001
0.0510948905109 0.00108910094001
0.0510204081633 0.00108910094001
0.0509803921569 0.00108910094001
0.0509554140127 0.00108910094001
0.0508474576271 0.00108910094001
0.0507936507937 0.00108925913632
0.0507614213198 0.00108925913632
0.0507246376812 0.00108925913632
0.0506912442396 0.00108925913632
0.0506756756757 0.00108925913632
0.0506329113924 0.00108925913632
0.0505617977528 0.00108931187216
0.0505415162455 0.00108931187216
0.0505050505051 0.00108931187216
0.0504731861199 0.00108931187216
0.0504587155963 0.00108931187216
0.0504201680672 0.00108931187216
0.0503597122302 0.00108931187216
0.0503144654088 0.00108936460987
0.0502793296089 0.00108936460987
0.0502512562814 0.00108936460987
0.0502283105023 0.00108936460987
0.0501930501931 0.00108936460987
0.0501792114695 0.00108936460987
0.05 0.00108936460987
0.0497925311203 0.00105267182419
0.0497737556561 0.00105267182419
0.0497512437811 0.00105267182419
0.0497237569061 0.00105267182419
0.0496894409938 0.00105267182419
0.0496453900709 0.00105267182419
0.0496183206107 0.00105267182419
0.0495867768595 0.00105267182419
0.0495495495495 0.00105403494987
0.049504950495 0.00105403494987
0.0494505494505 0.00105403494987
0.0493827160494 0.00105403494987
0.0493421052632 0.00105403494987
0.0492957746479 0.00105403494987
0.0492610837438 0.00105403494987
0.0491803278689 0.00105403494987
0.0491071428571 0.00105419249498
0.0490797546012 0.00105419249498
0.0490196078431 0.00105424501372
0.0489795918367 0.00105424501372
0.048951048951 0.00105424501372
0.0489130434783 0.00105424501372
0.0488888888889 0.00105424501372
0.0487804878049 0.00105424501372
0.0487012987013 0.00105440258102
0.0486891385768 0.00105440258102
0.0486486486486 0.00105440258102
0.0486111111111 0.00105440258102
0.0485436893204 0.00105440258102
0.0484848484848 0.00105440258102
0.0483870967742 0.00105440258102
0.048275862069 0.00105445510716
0.0482456140351 0.00105445510716
0.0481927710843 0.00105445510716
0.0481481481481 0.00105456016497
0.048128342246 0.00105456016497
0.0480769230769 0.00105456016497
0.0480349344978 0.00105456016497
0.048 0.00105456016497
0.0479452054795 0.00105461269666
0.0479041916168 0.00105461269666
0.0478723404255 0.00105461269666
0.0478468899522 0.00105461269666
0.0478260869565 0.00105461269666
0.0477815699659 0.00105461269666
0.047619047619 0.00105461269666
0.0474683544304 0.00105460787015
0.0474452554745 0.00105460787015
0.0474308300395 0.00105460787015
0.0473933649289 0.00105460787015
0.0473684210526 0.00105460787015
0.0473372781065 0.00105460787015
0.0472972972973 0.00105460787015
0.0472727272727 0.00105460787015
0.0472440944882 0.00105460787015
0.0472103004292 0.00105460787015
0.047197640118 0.00105460787015
0.0471698113208 0.00105460787015
0.0471204188482 0.00105460787015
0.0470588235294 0.00105460787015
0.0469798657718 0.00105471274454
0.0469483568075 0.00105471274454
0.046875 0.00105471274454
0.0468085106383 0.00105471274454
0.046783625731 0.00105471274454
0.0467289719626 0.00105471274454
0.0466926070039 0.00105471274454
0.0466666666667 0.00105471274454
0.0466321243523 0.00105471274454
0.0466101694915 0.00105471274454
0.046511627907 0.00105471274454
0.0464135021097 0.00105528968543
0.0463917525773 0.00105528968543
0.046357615894 0.00105528968543
0.0462962962963 0.00105528968543
0.0462427745665 0.00105528968543
0.046218487395 0.00105528968543
0.0461538461538 0.00105528968543
0.0460829493088 0.00105534214566
0.0460526315789 0.00105534214566
0.0460251046025 0.00105534214566
0.0459770114943 0.00105534214566
0.0459183673469 0.00105534214566
0.045871559633 0.00105534214566
0.0458015267176 0.00105534214566
0.0457516339869 0.00105534214566
0.0457142857143 0.00105534214566
0.0456852791878 0.00105534214566
0.0456621004566 0.00105549953739
0.045643153527 0.00105549953739
0.0456140350877 0.00105549953739
0.0456026058632 0.00105549953739
0.0454545454545 0.00105549953739
0.0452961672474 0.00103707910005
0.0452830188679 0.00103707910005
0.0452674897119 0.00103707910005
0.0452488687783 0.00103707910005
0.0452261306533 0.00103707910005
0.0452127659574 0.00103707910005
0.045197740113 0.00103707910005
0.0451612903226 0.00103707910005
0.0451127819549 0.00103707910005
0.0450819672131 0.00103707910005
0.045045045045 0.00103707910005
0.0450160771704 0.00103707910005
0.045 0.00103707910005
0.0449438202247 0.00103707910005
0.0448717948718 0.00103707910005
0.0448430493274 0.00103707910005
0.044776119403 0.00103707910005
0.0447154471545 0.00103707910005
0.0446927374302 0.00103707910005
0.0446735395189 0.00103707910005
0.0446428571429 0.00103707910005
0.0445859872611 0.00103713151497
0.0445544554455 0.00103713151497
0.0444444444444 0.00103713151497
0.0443349753695 0.00103749847093
0.0443037974684 0.00103749847093
0.0442804428044 0.00103749847093
0.0442477876106 0.00103749847093
0.0441988950276 0.00103749847093
0.0441176470588 0.00103749847093
0.0440528634361 0.00103765576536
0.0440251572327 0.00103765576536
0.043956043956 0.00103765576536
0.0439024390244 0.00103781307635
0.0438596491228 0.00103781307635
0.0438247011952 0.00103781307635
0.043795620438 0.00103781307635
0.043771043771 0.00103781307635
0.04375 0.00103781307635
0.0437158469945 0.00103781307635
0.0436893203883 0.00103781307635
0.0436681222707 0.00103781307635
0.0436507936508 0.00103781307635
0.0436363636364 0.00103781307635
0.0434782608696 0.00103781307635
0.04329004329 0.000994116130073
0.0432692307692 0.000994116130073
0.0432432432432 0.000994116130073
0.0432098765432 0.000994116130073
0.0431654676259 0.000994116130073
0.043137254902 0.000994116130073
0.0431034482759 0.000994116130073
0.0430622009569 0.000994116130073
0.0430463576159 0.000994116130073
0.0430107526882 0.000994116130073
0.04296875 0.000994116130073
0.0429447852761 0.000994116130073
0.042904290429 0.000994116130073
0.0428571428571 0.000994116130073
0.0428015564202 0.000994116130073
0.0427807486631 0.000994116130073
0.0427631578947 0.000994116130073
0.042735042735 0.000994116130073
0.0426829268293 0.000994116130073
0.042654028436 0.000994116130073
0.0426356589147 0.000994116130073
0.0426229508197 0.000994116130073
0.0425531914894 0.000994116130073
0.0424242424242 0.000994377527717
0.0423728813559 0.000994377527717
0.042328042328 0.000994377527717
0.0423076923077 0.000994377527717
0.0422535211268 0.000994377527717
0.042194092827 0.000994429812738
0.0421686746988 0.000994429812738
0.0421455938697 0.000994429812738
0.0421052631579 0.000994429812738
0.0420560747664 0.000994429812738
0.0420168067227 0.000994429812738
0.0419847328244 0.000994429812738
0.041958041958 0.000994429812738
0.0419161676647 0.000994429812738
0.0418848167539 0.000994429812738
0.0418604651163 0.000994429812738
0.0418410041841 0.000994429812738
0.0416666666667 0.000994429812738
0.0415094339623 0.000994637744011
0.0414746543779 0.000994637744011
0.0414507772021 0.000994637744011
0.0414201183432 0.000994637744011
0.0413793103448 0.000994637744011
0.0413223140496 0.000994637744011
0.0412844036697 0.000994637744011
0.0412371134021 0.000994637744011
0.0411985018727 0.000994637744011
0.0411764705882 0.000994637744011
0.0411522633745 0.000994637744011
0.0411311053985 0.000994637744011
0.041095890411 0.000994637744011
0.0410256410256 0.000994637744011
0.0409836065574 0.000994637744011
0.0409356725146 0.000994637744011
0.0409090909091 0.000994637744011
0.0408163265306 0.000994637744011
0.0407239819005 0.000994794574116
0.0406976744186 0.000994794574116
0.0406504065041 0.000994794574116
0.0406091370558 0.000994794574116
0.0405904059041 0.000994794574116
0.0405405405405 0.000994794574116
0.0404858299595 0.000994899136667
0.0404624277457 0.000994899136667
0.040404040404 0.000994899136667
0.0403587443946 0.000994899136667
0.0403225806452 0.000994899136667
0.0402684563758 0.000994899136667
0.0402298850575 0.000994899136667
0.0402010050251 0.000994899136667
0.0401785714286 0.000994899136667
0.0401606425703 0.000994899136667
0.0401459854015 0.000994899136667
0.04 0.000994899136667
0.0398671096346 0.00099484511685
0.0398406374502 0.00099484511685
0.0398230088496 0.000994897373318
0.0398009950249 0.000994897373318
0.0397727272727 0.000994897373318
0.0397350993377 0.000994949631613
0.0397111913357 0.000994949631613
0.0396825396825 0.000994949631613
0.0396600566572 0.000994949631613
0.0396475770925 0.000994949631613
0.039603960396 0.000994949631613
0.0395480225989 0.000995001891735
0.0395256916996 0.000995001891735
0.0395136778116 0.000995001891735
0.0394736842105 0.000995001891735
0.0394088669951 0.000995001891735
0.0393700787402 0.000995001891735
0.0393258426966 0.000995001891735
0.0393013100437 0.000995001891735
0.0392670157068 0.000995001891735
0.0392156862745 0.000995001891735
0.039156626506 0.000995001891735
0.0391459074733 0.000995001891735
0.0391304347826 0.000995001891735
0.0391061452514 0.000995001891735
0.0390625 0.000995001891735
0.0390243902439 0.000995001891735
0.038961038961 0.000995001891735
0.0389105058366 0.000995054153686
0.0388888888889 0.000995054153686
0.0388692579505 0.000995054153686
0.0388349514563 0.000995054153686
0.0387931034483 0.000995054153686
0.0387596899225 0.000995054153686
0.0387323943662 0.000995054153686
0.0387096774194 0.000995054153686
0.0386740331492 0.000995054153686
0.0386473429952 0.000995054153686
0.0386266094421 0.000995054153686
0.03861003861 0.000995054153686
0.0384615384615 0.000995054153686
0.0382978723404 0.000953910590968
0.0382775119617 0.000953910590968
0.0382513661202 0.000953910590968
0.0382165605096 0.000953910590968
0.0381679389313 0.000953910590968
0.0381355932203 0.000953910590968
0.0380952380952 0.000953910590968
0.0380434782609 0.000953910590968
0.0379746835443 0.000953910590968
0.0379310344828 0.000953910590968
0.0379146919431 0.000953910590968
0.0378787878788 0.000953910590968
0.0378378378378 0.000953910590968
0.0378151260504 0.000953910590968
0.0377358490566 0.000953910590968
0.0376344086022 0.00095396278606
0.0376175548589 0.00095396278606
0.0375939849624 0.00095396278606
0.037558685446 0.00095396278606
0.037542662116 0.00095396278606
0.0375 0.00095396278606
0.0374531835206 0.000954067181718
0.0374331550802 0.000954067181718
0.0373831775701 0.000954067181718
0.0373134328358 0.000954119382284
0.0372670807453 0.000954119382284
0.0372340425532 0.000954119382284
0.0372093023256 0.000954119382284
0.0371900826446 0.000954119382284
0.037037037037 0.000954119382284
0.0369127516779 0.000954066391996
0.0368852459016 0.000954066391996
0.036866359447 0.000954066391996
0.0368421052632 0.000954066391996
0.0368098159509 0.000954066391996
0.0367647058824 0.000954066391996
0.0366972477064 0.000954066391996
0.0366492146597 0.000954066391996
0.03663003663 0.000954066391996
0.0365853658537 0.000954066391996
0.0365448504983 0.000954066391996
0.0365296803653 0.000954066391996
0.036496350365 0.000954066391996
0.0364583333333 0.000954066391996
0.0364372469636 0.000954066391996
0.0363636363636 0.000954066391996
0.0362903225806 0.000954066391996
0.0362694300518 0.000954066391996
0.036231884058 0.000954066391996
0.0361990950226 0.000954066391996
0.0361445783133 0.000954066391996
0.0361010830325 0.000954066391996
0.0360824742268 0.000954066391996
0.036036036036 0.000954066391996
0.036 0.000954066391996
0.0359712230216 0.000954066391996
0.0359281437126 0.000954066391996
0.0358974358974 0.000954066391996
0.0358744394619 0.000954066391996
0.0357142857143 0.000954066391996
0.0356083086053 0.000953490826813
0.0355555555556 0.000953490826813
0.0355329949239 0.000953490826813
0.0355029585799 0.000953490826813
0.0354609929078 0.000953490826813
0.0353982300885 0.000953490826813
0.0353535353535 0.000953490826813
0.0352941176471 0.000953490826813
0.0352422907489 0.000953490826813
0.0352112676056 0.000953490826813
0.035175879397 0.000953490826813
0.03515625 0.000953490826813
0.0350877192982 0.000953490826813
0.0350194552529 0.000953490826813
0.035 0.000953490826813
0.034965034965 0.000953490826813
0.0349344978166 0.000953490826813
0.0348837209302 0.000953490826813
0.0348432055749 0.000953490826813
0.0348258706468 0.000953490826813
0.0347826086957 0.000953490826813
0.034749034749 0.000953490826813
0.0347222222222 0.000953490826813
0.0346820809249 0.000953490826813
0.0346534653465 0.000953490826813
0.034632034632 0.000953490826813
0.0346153846154 0.000953490826813
0.0344827586207 0.000953490826813
0.034375 0.000952759713552
0.0343642611684 0.000952759713552
0.0343511450382 0.000952759713552
0.0343347639485 0.000952759713552
0.0343137254902 0.000952759713552
0.0342857142857 0.000952759713552
0.0342465753425 0.000952759713552
0.0342205323194 0.000952759713552
0.034188034188 0.000952759713552
0.0341463414634 0.000952759713552
0.0340909090909 0.000952759713552
0.0340425531915 0.000952759713552
0.0340136054422 0.000952759713552
0.0339805825243 0.000952759713552
0.0339622641509 0.000952759713552
0.0338983050847 0.000952759713552
0.0338345864662 0.000952759713552
0.0338164251208 0.000952759713552
0.0337837837838 0.000952759713552
0.0337552742616 0.000952759713552
0.0337078651685 0.000952759713552
0.0336538461538 0.000952759713552
0.0336134453782 0.000952759713552
0.0335820895522 0.000952759713552
0.0335570469799 0.000952759713552
0.0335195530726 0.000952759713552
0.0334928229665 0.000952759713552
0.0334728033473 0.000952759713552
0.0334572490706 0.000952759713552
0.0334448160535 0.000952759713552
0.0333333333333 0.000952759713552
0.0332103321033 0.000952498977466
0.0331950207469 0.000952498977466
0.0331753554502 0.000952498977466
0.0331491712707 0.000952498977466
0.0331125827815 0.000952498977466
0.0330882352941 0.000952498977466
0.0330578512397 0.000952498977466
0.0330188679245 0.000952498977466
0.032967032967 0.000952498977466
0.0329218106996 0.000952498977466
0.0328947368421 0.000952498977466
0.0328638497653 0.000952498977466
0.0327868852459 0.000952498977466
0.0327272727273 0.000952498977466
0.0327102803738 0.000952498977466
0.0326975476839 0.000952498977466
0.0326797385621 0.000952498977466
0.0326530612245 0.000952498977466
0.0326086956522 0.000952498977466
0.0325581395349 0.000952498977466
0.0325203252033 0.000952498977466
0.0324675324675 0.000952498977466
0.0324324324324 0.000952498977466
0.0324074074074 0.000952498977466
0.0323886639676 0.000952498977466
0.0323741007194 0.000952498977466
0.0322580645161 0.000952498977466
0.032154340836 0.000951717807629
0.0321428571429 0.000951717807629
0.0321285140562 0.000951717807629
0.0321100917431 0.000951717807629
0.0320855614973 0.000951717807629
0.0320512820513 0.000951717807629
0.0320284697509 0.000951717807629
0.032 0.000951717807629
0.031976744186 0.000951717807629
0.0319634703196 0.000951717807629
0.031914893617 0.000951717807629
0.0318725099602 0.000951717807629
0.031847133758 0.000951717807629
0.0318181818182 0.000951769792168
0.0318021201413 0.000951769792168
0.031746031746 0.000951769792168
0.0316901408451 0.000951769792168
0.0316742081448 0.000951769792168
0.0316455696203 0.000951769792168
0.0316205533597 0.000951769792168
0.0315789473684 0.000951769792168
0.0315315315315 0.000951769792168
0.0315186246418 0.000951769792168
0.0314960629921 0.000951769792168
0.0314685314685 0.000951769792168
0.0314465408805 0.000951769792168
0.0314136125654 0.000951769792168
0.0313901345291 0.000951769792168
0.03125 0.000951769792168
0.0311284046693 0.000951509726039
0.0311111111111 0.000951509726039
0.0310880829016 0.000951509726039
0.0310559006211 0.000951509726039
0.031007751938 0.000951509726039
0.0309734513274 0.000951509726039
0.0309278350515 0.000951509726039
0.030888030888 0.000951509726039
0.0308641975309 0.000951509726039
0.0308370044053 0.000951509726039
0.0308219178082 0.000951509726039
0.0307692307692 0.000951509726039
0.0307167235495 0.000951509726039
0.030701754386 0.000951509726039
0.0306748466258 0.000951509726039
0.0306513409962 0.000951509726039
0.030612244898 0.000951509726039
0.0305676855895 0.000951509726039
0.030534351145 0.000951509726039
0.0305084745763 0.000951509726039
0.030487804878 0.000951509726039
0.0304568527919 0.000951509726039
0.0304347826087 0.000951509726039
0.0304182509506 0.000951509726039
0.0304054054054 0.000951509726039
0.030303030303 0.000951509726039
0.0302013422819 0.000950678664854
0.0301886792453 0.000950678664854
0.0301724137931 0.000950678664854
0.0301507537688 0.000950678664854
0.0301204819277 0.000950678664854
0.0301003344482 0.000950678664854
0.0300751879699 0.000950678664854
0.0300429184549 0.000950678664854
0.03 0.000950678664854
0.0299625468165 0.000950678664854
0.0299401197605 0.000950678664854
0.0299145299145 0.000950678664854
0.0298507462687 0.000950678664854
0.0297872340426 0.000950678664854
0.0297619047619 0.000950678664854
0.029702970297 0.000950678664854
0.0296610169492 0.000950678664854
0.0296296296296 0.000950678664854
0.0296127562642 0.000950678664854
0.0296052631579 0.000950678664854
0.0295857988166 0.000950678664854
0.0295566502463 0.000950678664854
0.0295358649789 0.000950678664854
0.029520295203 0.000950678664854
0.0295081967213 0.000950678664854
0.0294985250737 0.000950678664854
0.0294117647059 0.000950678664854
0.0293159609121 0.000950730562323
0.029304029304 0.000950730562323
0.0292887029289 0.000950730562323
0.0292682926829 0.000950730562323
0.0292397660819 0.000950730562323
0.0292207792208 0.000950730562323
0.029197080292 0.000950730562323
0.0291666666667 0.000950730562323
0.0291545189504 0.000950730562323
0.0291262135922 0.000950730562323
0.0290909090909 0.000950730562323
0.0290697674419 0.000950730562323
0.0290456431535 0.000950730562323
0.0290322580645 0.000950730562323
0.0289855072464 0.000950730562323
0.0289256198347 0.000950834362695
0.028901734104 0.000950834362695
0.0288461538462 0.000950834362695
0.0288065843621 0.000950834362695
0.0287769784173 0.000950834362695
0.0287539936102 0.000950834362695
0.0287356321839 0.000950834362695
0.0287081339713 0.000950834362695
0.0286885245902 0.000950834362695
0.0286738351254 0.000950834362695
0.0285714285714 0.000950834362695
0.0284697508897 0.000950678685682
0.0284552845528 0.000950678685682
0.0284360189573 0.000950678685682
0.0284090909091 0.000950678685682
0.0283687943262 0.000950678685682
0.0283400809717 0.000950678685682
0.0283018867925 0.000950678685682
0.0282685512367 0.000950678685682
0.0282485875706 0.000950678685682
0.0282258064516 0.000950678685682
0.0282131661442 0.000950678685682
0.0281690140845 0.000950678685682
0.0280898876404 0.000950678685682
0.0280701754386 0.000950678685682
0.0280373831776 0.000950678685682
0.028 0.000950678685682
0.027972027972 0.000950678685682
0.0279569892473 0.000950678685682
0.0279329608939 0.000950678685682
0.0279069767442 0.000950678685682
0.0278884462151 0.000950678685682
0.0277777777778 0.000950678685682
0.0276679841897 0.000950056520597
0.0276497695853 0.000950056520597
0.0276243093923 0.000950056520597
0.0275862068966 0.000950056520597
0.0275590551181 0.000950056520597
0.0275229357798 0.000950056520597
0.0274914089347 0.000950056520597
0.0274725274725 0.000950056520597
0.0274509803922 0.000950056520597
0.027397260274 0.000950056520597
0.02734375 0.000950056520597
0.0273224043716 0.000950056520597
0.0272727272727 0.000950056520597
0.0272373540856 0.000950056520597
0.0272108843537 0.000950056520597
0.0271739130435 0.000950056520597
0.027149321267 0.000950056520597
0.0271317829457 0.000950056520597
0.0271186440678 0.000950056520597
0.027027027027 0.000950056520597
0.0269541778976 0.000949952947262
0.0269461077844 0.000949952947262
0.0269230769231 0.000949952947262
0.0269058295964 0.000949952947262
0.0268817204301 0.000949952947262
0.0268456375839 0.000949952947262
0.0268199233716 0.000949952947262
0.0267857142857 0.000949952947262
0.0267379679144 0.000949952947262
0.0267175572519 0.000949952947262
0.0266666666667 0.000949952947262
0.0266159695817 0.000949952947262
0.0265957446809 0.000949952947262
0.0265780730897 0.000949952947262
0.0265486725664 0.000949952947262
0.0265151515152 0.000949952947262
0.0264900662252 0.000949952947262
0.026455026455 0.000949952947262
0.0264317180617 0.000949952947262
0.0264150943396 0.000949952947262
0.0263157894737 0.000949952947262
0.0262172284644 0.000949383606496
0.0262008733624 0.000949383606496
0.0261780104712 0.000949383606496
0.0261437908497 0.000949383606496
0.0261194029851 0.000949383606496
0.0260869565217 0.000949383606496
0.0260586319218 0.000949383606496
0.0260416666667 0.000949383606496
0.0260223048327 0.000949383606496
0.025974025974 0.000949383606496
0.0259259259259 0.000949383606496
0.0259067357513 0.000949383606496
0.0258899676375 0.000949383606496
0.0258620689655 0.000949383606496
0.0258302583026 0.000949383606496
0.0258064516129 0.000949383606496
0.0257731958763 0.000949383606496
0.0257510729614 0.000949383606496
0.0257352941176 0.000949383606496
0.0257142857143 0.000949383606496
0.025706940874 0.000949383606496
0.025641025641 0.000949383606496
0.0255474452555 0.000948970047232
0.0255319148936 0.000948970047232
0.0255102040816 0.000948970047232
0.0254777070064 0.000948970047232
0.0254545454545 0.000948970047232
0.0254237288136 0.000948970047232
0.0253968253968 0.000948970047232
0.0253807106599 0.000948970047232
0.0253623188406 0.000948970047232
0.0253164556962 0.000948970047232
0.0252525252525 0.000948970047232
0.0252100840336 0.000948970047232
0.0251572327044 0.000948970047232
0.0251396648045 0.000948970047232
0.0251256281407 0.000948970047232
0.0251046025105 0.000948970047232
0.0250896057348 0.000948970047232
0.025 0.000948970047232
0.0249110320285 0.00085710575842
0.0248962655602 0.00085710575842
0.0248756218905 0.00085710575842
0.0248447204969 0.00085710575842
0.0247933884298 0.00085710575842
0.0247524752475 0.00085710575842
0.0247349823322 0.00085710575842
0.0246913580247 0.00085710575842
0.0246478873239 0.00085710575842
0.0246305418719 0.00085710575842
0.0246153846154 0.00085710575842
0.0245901639344 0.00085710575842
0.0245398773006 0.00085710575842
0.0245098039216 0.00085710575842
0.0244897959184 0.00085710575842
0.0244755244755 0.00085710575842
0.0243902439024 0.00085710575842
0.0242914979757 0.000856230044122
0.0242718446602 0.000856230044122
0.0242587601078 0.000856230044122
0.0242424242424 0.000856230044122
0.0242214532872 0.000856230044122
0.0241935483871 0.000856230044122
0.02416918429 0.000856230044122
0.024154589372 0.000856230044122
0.0241379310345 0.000856230044122
0.0240963855422 0.000856230044122
0.0240384615385 0.000856230044122
0.024024024024 0.000856230044122
0.024 0.000856230044122
0.0239726027397 0.000856230044122
0.0239520958084 0.000856230044122
0.0239234449761 0.000856230044122
0.0238726790451 0.000856230044122
0.0238095238095 0.000856230044122
0.0237288135593 0.000855767071184
0.0237154150198 0.000855767071184
0.0236966824645 0.000855767071184
0.0236686390533 0.000855767071184
0.0236486486486 0.000855767071184
0.0236220472441 0.000855767071184
0.0235849056604 0.000855767071184
0.023569023569 0.000855767071184
0.0235294117647 0.000855767071184
0.0234741784038 0.000855767071184
0.0234375 0.000855767071184
0.0233918128655 0.000855767071184
0.0233644859813 0.000855767071184
0.0233463035019 0.000855767071184
0.0232558139535 0.000855767071184
0.0231958762887 0.000855612854188
0.023178807947 0.000855612854188
0.023166023166 0.000855612854188
0.0231481481481 0.000855612854188
0.0231213872832 0.000855612854188
0.023102310231 0.000855612854188
0.0230769230769 0.000855612854188
0.0230414746544 0.000855612854188
0.0230263157895 0.000855612854188
0.0229885057471 0.000855612854188
0.0229508196721 0.000855612854188
0.0229357798165 0.000855612854188
0.0229007633588 0.000855612854188
0.0228571428571 0.000855612854188
0.0228310502283 0.000855612854188
0.0228136882129 0.000855612854188
0.0227272727273 0.000855612854188
0.022641509434 0.000855664421886
0.0226244343891 0.000855664421886
0.0226130653266 0.000855664421886
0.0225988700565 0.000855664421886
0.0225563909774 0.000855664421886
0.0225225225225 0.000855664421886
0.0225080385852 0.000855664421886
0.0224719101124 0.000855664421886
0.0224358974359 0.000855664421886
0.0224215246637 0.000855664421886
0.0223880597015 0.000855664421886
0.0223463687151 0.000855664421886
0.0223214285714 0.000855664421886
0.0223048327138 0.000855664421886
0.0222841225627 0.000855664421886
0.0222222222222 0.000855664421886
0.0221238938053 0.000855356125415
0.0220994475138 0.000855356125415
0.0220588235294 0.000855356125415
0.0220264317181 0.000855356125415
0.0220125786164 0.000855356125415
0.021978021978 0.000855356125415
0.0219435736677 0.000855356125415
0.0219298245614 0.000855356125415
0.021897810219 0.000855356125415
0.0218579234973 0.000855356125415
0.0218340611354 0.000855356125415
0.0218181818182 0.000855356125415
0.0217391304348 0.000855356125415
0.0216606498195 0.000855202057546
0.021645021645 0.000855202057546
0.0216216216216 0.000855202057546
0.0215827338129 0.000855202057546
0.0215517241379 0.000855202057546
0.0215053763441 0.000855202057546
0.021472392638 0.000855202057546
0.0214592274678 0.000855202057546
0.0214285714286 0.000855202057546
0.0214067278287 0.000855202057546
0.0213903743316 0.000855202057546
0.0213675213675 0.000855202057546
0.0213523131673 0.000855202057546
0.0213414634146 0.000855202057546
0.0212765957447 0.000855202057546
0.0212014134276 0.000814227631448
0.021186440678 0.000814227631448
0.021164021164 0.000814227631448
0.0211480362538 0.000814227631448
0.0211267605634 0.000814227631448
0.0210970464135 0.000814227631448
0.0210526315789 0.000814227631448
0.0210084033613 0.000814227631448
0.020979020979 0.000814227631448
0.020942408377 0.000814227631448
0.0209205020921 0.000814227631448
0.0209059233449 0.000814227631448
0.0208333333333 0.000814227631448
0.0207612456747 0.000813971505926
0.0207468879668 0.000813971505926
0.020725388601 0.000813971505926
0.0206896551724 0.000813971505926
0.0206611570248 0.000813971505926
0.020618556701 0.000813971505926
0.0205761316872 0.000813971505926
0.0205479452055 0.000813971505926
0.0205128205128 0.000813971505926
0.0204778156997 0.000813971505926
0.0204081632653 0.000813971505926
0.020325203252 0.000813971505926
0.0203045685279 0.000813971505926
0.0202702702703 0.000813971505926
0.0202429149798 0.000813971505926
0.020202020202 0.000813971505926
0.0201612903226 0.000813971505926
0.0201342281879 0.000813971505926
0.0201005025126 0.000813971505926
0.0200803212851 0.000813971505926
0.02 0.000813971505926
0.0199203187251 0.000813971505926
0.0199004975124 0.000813971505926
0.0198675496689 0.000813971505926
0.0198412698413 0.000813971505926
0.019801980198 0.000813971505926
0.0197628458498 0.000813971505926
0.0197368421053 0.000813971505926
0.0197044334975 0.000813971505926
0.0196850393701 0.000813971505926
0.0196721311475 0.000813971505926
0.0196078431373 0.000813971505926
0.01953125 0.000813510480705
0.019512195122 0.000813510480705
0.0194805194805 0.000813510480705
0.0194552529183 0.000813510480705
0.0194174757282 0.000813510480705
0.0193798449612 0.000813510480705
0.0193548387097 0.000813510480705
0.0193236714976 0.000813510480705
0.019305019305 0.000813510480705
0.0192307692308 0.000813510480705
0.0191570881226 0.000813510480705
0.0191387559809 0.000813510480705
0.0191082802548 0.000813510480705
0.0190839694656 0.000813510480705
0.0190476190476 0.000813510480705
0.0190217391304 0.000813510480705
0.0190114068441 0.000813510480705
0.0189873417722 0.000813510480705
0.0189573459716 0.000813510480705
0.0189393939394 0.000813510480705
0.0188679245283 0.000813510480705
0.0187969924812 0.000812896526885
0.018779342723 0.000812896526885
0.01875 0.000812896526885
0.0187265917603 0.000812896526885
0.018691588785 0.000812896526885
0.0186567164179 0.000812896526885
0.0186335403727 0.000812896526885
0.0186046511628 0.000812896526885
0.0185873605948 0.000812896526885
0.0185758513932 0.000812896526885
0.0185185185185 0.000812896526885
0.0184331797235 0.000812947915805
0.0184049079755 0.000812947915805
0.0183823529412 0.000812947915805
0.0183727034121 0.000812947915805
0.0183486238532 0.000812947915805
0.018315018315 0.000812947915805
0.0182926829268 0.000812947915805
0.0182648401826 0.000812947915805
0.0182481751825 0.000812947915805
0.0181818181818 0.000812947915805
0.0180995475113 0.000812947915805
0.0180722891566 0.000812947915805
0.0180505415162 0.000812947915805
0.018018018018 0.000812947915805
0.0179948586118 0.000812947915805
0.0179856115108 0.000812947915805
0.0179640718563 0.000812947915805
0.0179372197309 0.000812947915805
0.0179211469534 0.000812947915805
0.0179104477612 0.000812947915805
0.0178571428571 0.000812947915805
0.0178041543027 0.000812947915805
0.017793594306 0.000812947915805
0.0177777777778 0.000812947915805
0.0177514792899 0.000812947915805
0.0177304964539 0.000812947915805
0.0176991150442 0.000812947915805
0.0176470588235 0.000812947915805
0.0176211453744 0.000812947915805
0.0176056338028 0.000812947915805
0.0175438596491 0.000812947915805
0.0174672489083 0.000812947915805
0.0174418604651 0.000812947915805
0.0174216027875 0.000812947915805
0.0173913043478 0.000812947915805
0.0173611111111 0.000812947915805
0.0173410404624 0.000812947915805
0.017316017316 0.000812947915805
0.0172413793103 0.000812947915805
0.0171821305842 0.000812641235186
0.0171673819742 0.000812641235186
0.0171428571429 0.000812641235186
0.0171232876712 0.000812641235186
0.017094017094 0.000812641235186
0.0170648464164 0.000812641235186
0.0170454545455 0.000812641235186
0.0170212765957 0.000812641235186
0.0170068027211 0.000812641235186
0.0169971671388 0.000812641235186
0.0169491525424 0.000812641235186
0.0168918918919 0.000812692602725
0.0168776371308 0.000812692602725
0.0168539325843 0.000812692602725
0.016835016835 0.000812692602725
0.0168067226891 0.000812692602725
0.0167785234899 0.000812692602725
0.0167597765363 0.000812692602725
0.0167364016736 0.000812692602725
0.0167224080268 0.000812692602725
0.0166666666667 0.000812692602725
0.0165975103734 0.000812539330619
0.0165745856354 0.000812539330619
0.0165562913907 0.000812539330619
0.0165289256198 0.000812539330619
0.0164835164835 0.000812539330619
0.0164609053498 0.000812539330619
0.0164473684211 0.000812539330619
0.016393442623 0.000812539330619
0.016339869281 0.000812539330619
0.0163265306122 0.000812539330619
0.0163043478261 0.000812539330619
0.0162866449511 0.000812539330619
0.0162601626016 0.000812539330619
0.0162337662338 0.000812539330619
0.0162162162162 0.000812539330619
0.0161943319838 0.000812539330619
0.0161290322581 0.000812539330619
0.0160642570281 0.000812539330619
0.0160427807487 0.000812539330619
0.016 0.000812539330619
0.0159744408946 0.000812539330619
0.0159574468085 0.000812539330619
0.0159362549801 0.000812539330619
0.015873015873 0.000812539330619
0.0158102766798 0.000812539330619
0.0157894736842 0.000812539330619
0.0157480314961 0.000812539330619
0.0157068062827 0.000812539330619
0.0156862745098 0.000812539330619
0.015625 0.000812539330619
0.0155763239875 0.000812539330619
0.0155642023346 0.000812539330619
0.0155440414508 0.000812539330619
0.0155279503106 0.000812539330619
0.015503875969 0.000812539330619
0.0154639175258 0.000812539330619
0.015444015444 0.000812539330619
0.0154320987654 0.000812539330619
0.0153846153846 0.000812539330619
0.0153374233129 0.000812539330619
0.0153256704981 0.000812539330619
0.015306122449 0.000812539330619
0.0152671755725 0.000812539330619
0.015243902439 0.000812539330619
0.0152284263959 0.000812539330619
0.0152091254753 0.000812539330619
0.0151975683891 0.000812539330619
0.0151898734177 0.000812539330619
0.0151515151515 0.000812539330619
0.0150943396226 0.000812539330619
0.0150753768844 0.000812539330619
0.015037593985 0.000812539330619
0.015015015015 0.000812539330619
0.015 0.000812539330619
0.0149812734082 0.000812539330619
0.0149253731343 0.000812539330619
0.014880952381 0.000812386111673
0.0148698884758 0.000812386111673
0.0148514851485 0.000812386111673
0.0148148148148 0.000812386111673
0.0147783251232 0.000812386111673
0.0147601476015 0.000812386111673
0.0147058823529 0.000812386111673
0.014652014652 0.00081228428046
0.0146341463415 0.00081228428046
0.014598540146 0.00081228428046
0.0145631067961 0.00081228428046
0.0145454545455 0.00081228428046
0.0144927536232 0.00081228428046
0.014450867052 0.00081228428046
0.014440433213 0.00081228428046
0.0144230769231 0.00081228428046
0.0143884892086 0.00081228428046
0.0143540669856 0.00081228428046
0.0143369175627 0.00081228428046
0.0142857142857 0.00081228428046
0.0142348754448 0.00081228428046
0.0142180094787 0.00081228428046
0.0142045454545 0.00081228428046
0.0141843971631 0.00081228428046
0.0141509433962 0.00081228428046
0.0141342756184 0.00081228428046
0.0140845070423 0.00081228428046
0.0140350877193 0.00081228428046
0.0140186915888 0.00081228428046
0.013986013986 0.00081228428046
0.0139534883721 0.00081228428046
0.01393728223 0.00081228428046
0.0139275766017 0.00081228428046
0.0138888888889 0.00081228428046
0.0138504155125 0.000811978085007
0.0138248847926 0.000811978085007
0.0137931034483 0.000811978085007
0.0137614678899 0.000811978085007
0.013698630137 0.000811978085007
0.0136612021858 0.000811978085007
0.0136518771331 0.000811978085007
0.0136363636364 0.000811978085007
0.0136054421769 0.000811978085007
0.0135746606335 0.000811978085007
0.0135593220339 0.000811978085007
0.0135135135135 0.000811978085007
0.013468013468 0.000811825066888
0.0134529147982 0.000811825066888
0.0134228187919 0.000811825066888
0.0133928571429 0.000811825066888
0.0133779264214 0.000811825066888
0.0133333333333 0.000811825066888
0.0132890365449 0.000811825066888
0.0132743362832 0.000811825066888
0.0132450331126 0.000811825066888
0.0132158590308 0.000811825066888
0.013201320132 0.000811825066888
0.0131578947368 0.000811825066888
0.0131004366812 0.000811825066888
0.0130718954248 0.000811825066888
0.0130434782609 0.000811825066888
0.012987012987 0.000811825066888
0.0129310344828 0.000811825066888
0.0129032258065 0.000811825066888
0.0128755364807 0.000811825066888
0.0128617363344 0.000811825066888
0.0128205128205 0.000811825066888
0.0127795527157 0.000811825066888
0.0127659574468 0.000811825066888
0.0127388535032 0.000811825066888
0.0127118644068 0.000811825066888
0.0126984126984 0.000811825066888
0.0126582278481 0.000811825066888
0.0126050420168 0.000811825066888
0.0125786163522 0.000811825066888
0.0125523012552 0.000811825066888
0.012539184953 0.000811825066888
0.0125 0.000811825066888
0.0124481327801 0.000811672101807
0.0124223602484 0.000811672101807
0.0123966942149 0.000811672101807
0.0123839009288 0.000811672101807
0.0123456790123 0.000811672101807
0.0123076923077 0.000811672101807
0.0122950819672 0.000811672101807
0.0122699386503 0.000811672101807
0.0122448979592 0.000811672101807
0.0121951219512 0.000811672101807
0.0121457489879 0.000811672101807
0.0121212121212 0.000811672101807
0.0120967741935 0.000811672101807
0.0120481927711 0.000811672101807
0.012 0.000811672101807
0.0119760479042 0.000811672101807
0.011961722488 0.000811672101807
0.0119521912351 0.000811672101807
0.0119047619048 0.000811672101807
0.0118577075099 0.000811672101807
0.0118343195266 0.000811672101807
0.011811023622 0.000811672101807
0.0117647058824 0.000811672101807
0.01171875 0.000811672101807
0.0116959064327 0.000811672101807
0.011673151751 0.000811672101807
0.0116279069767 0.000811672101807
0.011583011583 0.000811519189739
0.0115606936416 0.000811519189739
0.0115384615385 0.000811519189739
0.0114942528736 0.000811519189739
0.0114613180516 0.000811519189739
0.0114503816794 0.000811519189739
0.0114285714286 0.000811519189739
0.0114068441065 0.000811519189739
0.0113636363636 0.000811519189739
0.011320754717 0.000811519189739
0.0112994350282 0.000811519189739
0.0112781954887 0.000811519189739
0.0112359550562 0.000811519189739
0.0111940298507 0.000811519189739
0.0111731843575 0.000811519189739
0.0111524163569 0.000811519189739
0.0111111111111 0.000811519189739
0.0110701107011 0.000811519189739
0.0110497237569 0.000811519189739
0.0110294117647 0.000811519189739
0.010989010989 0.000811519189739
0.0109489051095 0.000811519189739
0.0109289617486 0.000811519189739
0.0109090909091 0.000811519189739
0.0108695652174 0.000811519189739
0.0108303249097 0.000811519189739
0.0108108108108 0.000811519189739
0.0107913669065 0.000811519189739
0.010752688172 0.000811519189739
0.0107142857143 0.000811519189739
0.0106951871658 0.000811519189739
0.0106761565836 0.000811519189739
0.0106666666667 0.000811519189739
0.0106382978723 0.000811519189739
0.0106007067138 0.000811366330659
0.010582010582 0.000811366330659
0.0105633802817 0.000811366330659
0.0105263157895 0.000811366330659
0.0104895104895 0.000811366330659
0.0104712041885 0.000811366330659
0.0104529616725 0.000811366330659
0.0104166666667 0.000811366330659
0.0103806228374 0.000811366330659
0.0103626943005 0.000811366330659
0.0103448275862 0.000811366330659
0.0103092783505 0.000811366330659
0.0102564102564 0.000811060771362
0.0102389078498 0.000811060771362
0.0102040816327 0.000811060771362
0.0101694915254 0.000811060771362
0.010152284264 0.000811060771362
0.0101351351351 0.000811060771362
0.010101010101 0.000811060771362
0.010067114094 0.000811060771362
0.0100502512563 0.000811060771362
0.01 0.000811060771362
0.00995024875622 0.000811060771362
0.00993377483444 0.000811060771362
0.00990099009901 0.000811060771362
0.00986842105263 0.000811060771362
0.00985221674877 0.000811060771362
0.00983606557377 0.000811060771362
0.00980392156863 0.000811060771362
0.00975609756098 0.000811060771362
0.00974025974026 0.000811060771362
0.00970873786408 0.000811060771362
0.00967741935484 0.000811060771362
0.00966183574879 0.000811060771362
0.0096463022508 0.000811060771362
0.00961538461538 0.000811060771362
0.00958466453674 0.000810908071096
0.00956937799043 0.000810908071096
0.00952380952381 0.000810908071096
0.00949367088608 0.000810908071096
0.00947867298578 0.000810908071096
0.00946372239748 0.000810908071096
0.00943396226415 0.000810908071096
0.0093896713615 0.000810908071096
0.00934579439252 0.000810908071096
0.00931677018634 0.000810908071096
0.0093023255814 0.000810908071096
0.00925925925926 0.000810908071096
0.00921658986175 0.000810908071096
0.00917431192661 0.000810908071096
0.00913242009132 0.000810908071096
0.00909090909091 0.000810908071096
0.00904977375566 0.000810908071096
0.00900900900901 0.000810908071096
0.00896860986547 0.000810908071096
0.00892857142857 0.000810908071096
0.00888888888889 0.000810908071096
0.00884955752212 0.000810908071096
0.00881057268722 0.000810908071096
0.00877192982456 0.000810908071096
0.00874635568513 0.000810908071096
0.00873362445415 0.000810908071096
0.00869565217391 0.000810908071096
0.00865800865801 0.000810908071096
0.00862068965517 0.000810908071096
0.00858369098712 0.000810755423717
0.00854700854701 0.000810755423717
0.00851063829787 0.000810602829201
0.00847457627119 0.000810602829201
0.0084388185654 0.000810602829201
0.00840336134454 0.000810602829201
0.00836820083682 0.000810602829201
0.00833333333333 0.000810602829201
0.00829875518672 0.000810602829201
0.00826446280992 0.000810602829201
0.0082304526749 0.000810602829201
0.00819672131148 0.000810602829201
0.00816326530612 0.000810602829201
0.00813008130081 0.000810602829201
0.0080971659919 0.000810602829201
0.00806451612903 0.000810602829201
0.00803212851406 0.000810450287523
0.008 0.000810450287523
0.00796812749004 0.000810450287523
0.00793650793651 0.000810450287523
0.00790513833992 0.000810450287523
0.00787401574803 0.000810450287523
0.0078431372549 0.000810297798657
0.0078125 0.000810297798657
0.00778210116732 0.000810297798657
0.0077519379845 0.000810297798657
0.00772200772201 0.000810297798657
0.00769230769231 0.000810297798657
0.00766283524904 0.000810297798657
0.00763358778626 0.000810297798657
0.00760456273764 0.000810297798657
0.00757575757576 0.000810297798657
0.00754716981132 0.000810297798657
0.00751879699248 0.000810297798657
0.00749063670412 0.000810297798657
0.00746268656716 0.000810297798657
0.00743494423792 0.000810297798657
0.00740740740741 0.000810297798657
0.00738007380074 0.000810297798657
0.00735294117647 0.000810297798657
0.00732600732601 0.000810297798657
0.00729927007299 0.000810297798657
0.00727272727273 0.000810297798657
0.00724637681159 0.000810297798657
0.0072202166065 0.000810297798657
0.00719424460432 0.000810297798657
0.00716845878136 0.000810297798657
0.00714285714286 0.000810297798657
0.00711743772242 0.000810297798657
0.00709219858156 0.000810297798657
0.00706713780919 0.000810297798657
0.00704225352113 0.000810297798657
0.00701754385965 0.000810297798657
0.00699300699301 0.000810297798657
0.00696864111498 0.000810297798657
0.00694444444444 0.000810297798657
0.00692041522491 0.000810297798657
0.00689655172414 0.000810297798657
0.00684931506849 0.00081014536258
0.00682593856655 0.00081014536258
0.00680272108844 0.00081014536258
0.00677966101695 0.000809840648689
0.00675675675676 0.000809840648689
0.00673400673401 0.000809840648689
0.00671140939597 0.000809840648689
0.00666666666667 0.000809840648689
0.00664451827243 0.000809840648689
0.00662251655629 0.000809840648689
0.00660066006601 0.000809840648689
0.00657894736842 0.000809840648689
0.00653594771242 0.000809840648689
0.00651465798046 0.000809840648689
0.00649350649351 0.000809840648689
0.00647249190939 0.000809840648689
0.00645161290323 0.000809840648689
0.00641025641026 0.000809840648689
0.00636942675159 0.000809840648689
0.00632911392405 0.000809840648689
0.0062893081761 0.000809840648689
0.00626959247649 0.000809840648689
0.00625 0.000809840648689
0.00621118012422 0.000809840648689
0.00617283950617 0.000809840648689
0.00613496932515 0.000809840648689
0.00609756097561 0.000809840648689
0.00606060606061 0.000809840648689
0.00604229607251 0.000809840648689
0.00602409638554 0.000809840648689
0.0059880239521 0.000809840648689
0.00595238095238 0.000809840648689
0.00591715976331 0.000809840648689
0.00588235294118 0.000809840648689
0.00584795321637 0.000809840648689
0.00581395348837 0.000809840648689
0.00578034682081 0.000809840648689
0.00574712643678 0.000809840648689
0.00571428571429 0.000809840648689
0.00568181818182 0.000809840648689
0.00564971751412 0.000809840648689
0.00561797752809 0.000809840648689
0.00558659217877 0.000809840648689
0.00555555555556 0.000809840648689
0.00552486187845 0.000809840648689
0.00549450549451 0.000809840648689
0.00546448087432 0.000809840648689
0.0054347826087 0.000809840648689
0.00540540540541 0.000809840648689
0.00537634408602 0.000809840648689
0.00534759358289 0.000809840648689
0.00531914893617 0.000809840648689
0.00529100529101 0.000809840648689
0.00526315789474 0.000809840648689
0.00523560209424 0.000809840648689
0.00520833333333 0.000809840648689
0.00518134715026 0.000809840648689
0.00515463917526 0.000809840648689
0.00512820512821 0.000809840648689
0.00510204081633 0.000809840648689
0.00507614213198 0.000809840648689
0.00505050505051 0.000809840648689
0.00502512562814 0.000809840648689
0.005 0.000809840648689
0.00497512437811 0.000809840648689
0.0049504950495 0.000809840648689
0.00492610837438 0.000809840648689
0.00490196078431 0.000809840648689
0.00487804878049 0.000809840648689
0.00485436893204 0.000809840648689
0.0048309178744 0.000809840648689
0.00480769230769 0.000809840648689
0.00478468899522 0.000809840648689
0.0047619047619 0.000809840648689
0.00473933649289 0.000809840648689
0.00471698113208 0.000809840648689
0.00469483568075 0.000809840648689
0.00467289719626 0.000809840648689
0.0046511627907 0.000809840648689
0.00462962962963 0.000809840648689
0.00460829493088 0.000809840648689
0.0045871559633 0.000809840648689
0.00456621004566 0.000809840648689
0.00454545454545 0.000809840648689
0.00452488687783 0.000809840648689
0.0045045045045 0.000809840648689
0.00448430493274 0.000809840648689
0.00446428571429 0.000809840648689
0.00444444444444 0.000809840648689
0.00442477876106 0.000809840648689
0.00440528634361 0.000809840648689
0.00438596491228 0.00080953614565
0.00436681222707 0.00080953614565
0.00434782608696 0.00080953614565
0.004329004329 0.00080953614565
0.00431034482759 0.00080953614565
0.00429184549356 0.00080953614565
0.0042735042735 0.00080953614565
0.00425531914894 0.00080953614565
0.00423728813559 0.00080953614565
0.0042194092827 0.00080953614565
0.00420168067227 0.00080953614565
0.00418410041841 0.00080953614565
0.00416666666667 0.00080953614565
0.00414937759336 0.00080953614565
0.00413223140496 0.00080953614565
0.00411522633745 0.00080953614565
0.00409836065574 0.00080953614565
0.00408163265306 0.00080953614565
0.00406504065041 0.00080953614565
0.00404858299595 0.00080953614565
0.00403225806452 0.00080953614565
0.00401606425703 0.00080953614565
0.004 0.00080953614565
0.00398406374502 0.00080953614565
0.00396825396825 0.00080953614565
0.00395256916996 0.00080953614565
0.00393700787402 0.00080953614565
0.00392156862745 0.00080953614565
0.00390625 0.00080953614565
0.00389105058366 0.00080953614565
0.00387596899225 0.00080953614565
0.003861003861 0.00080953614565
0.00384615384615 0.00080953614565
0.00383141762452 0.00080953614565
0.00381679389313 0.00080953614565
0.00380228136882 0.00080953614565
0.00378787878788 0.00080953614565
0.00377358490566 0.00080953614565
0.00375939849624 0.00080953614565
0.00374531835206 0.00080953614565
0.00373134328358 0.00080953614565
0.00371747211896 0.00080953614565
0.0037037037037 0.00080953614565
0.00369003690037 0.00080953614565
0.00367647058824 0.00080953614565
0.003663003663 0.00080953614565
0.0036496350365 0.00080953614565
0.00363636363636 0.00080953614565
0.0036231884058 0.00080953614565
0.00361010830325 0.00080953614565
0.00359712230216 0.00080953614565
0.00358422939068 0.00080953614565
0.00357142857143 0.00080953614565
0.00355871886121 0.00080953614565
0.00354609929078 0.00080953614565
0.00353356890459 0.00080953614565
0.00352112676056 0.00080953614565
0.00350877192982 0.00080953614565
0.0034965034965 0.00080953614565
0.00348432055749 0.00080953614565
0.00347222222222 0.00080953614565
0.00346020761246 0.00080953614565
0.00344827586207 0.00080953614565
0.00343642611684 0.00080953614565
0.00341296928328 0.00080953614565
0.00340136054422 0.00080953614565
0.00338983050847 0.00080953614565
0.00337837837838 0.00080953614565
0.003367003367 0.00080953614565
0.00335570469799 0.00080953614565
0.00334448160535 0.00080953614565
0.00333333333333 0.00080953614565
0.003300330033 0.00080953614565
0.00327868852459 0.00080953614565
0.00325732899023 0.00080953614565
0.00323624595469 0.00080953614565
0.00320512820513 0.00080953614565
0.00319488817891 0.00080953614565
0.0031746031746 0.00080953614565
0.00315457413249 0.00080953614565
0.00293255131965 0.00080953614565
0.00289855072464 0.00080953614565
0.00272479564033 0.00080953614565
0.0 0.00080953614565
