1.0 0.0
1.0 0.0
0.909090909091 0.0
0.866666666667 0.0
0.857142857143 0.0
0.833333333333 0.000132702260362
0.8 0.000132702260362
0.777777777778 0.000132702260362
0.769230769231 0.000132702260362
0.75 0.000191681042745
0.714285714286 0.000855192344554
0.705882352941 0.00126067147344
0.7 0.00143760782059
0.692307692308 0.00143760782059
0.666666666667 0.00143760782059
0.655172413793 0.00181064861916
0.636363636364 0.00186962740154
0.631578947368 0.00186962740154
0.627450980392 0.00214977661786
0.625 0.00214977661786
0.615384615385 0.00259506642485
0.6 0.00272776868522
0.589285714286 0.00351218649091
0.588235294118 0.00351218649091
0.586956521739 0.00387153578643
0.583333333333 0.00387153578643
0.578947368421 0.00413694030715
0.571428571429 0.00413694030715
0.565217391304 0.00484468569575
0.5625 0.00503636673849
0.555555555556 0.00516906899886
0.55 0.00586206969186
0.545454545455 0.00586206969186
0.538461538462 0.00599477195222
0.533333333333 0.00604195497813
0.529411764706 0.00655064697618
0.526315789474 0.00655064697618
0.52380952381 0.00660962575856
0.518518518519 0.00673600886367
0.5 0.00673600886367
0.478260869565 0.0109037023931
0.47619047619 0.0109037023931
0.473684210526 0.0109037023931
0.470588235294 0.0109037023931
0.466666666667 0.0109037023931
0.461538461538 0.0110246088969
0.459459459459 0.0114345114345
0.458333333333 0.0114345114345
0.457142857143 0.0114345114345
0.454545454545 0.0114345114345
0.45 0.0120434673626
0.444444444444 0.0120434673626
0.441176470588 0.0124754869436
0.44 0.0128183011162
0.4375 0.0128183011162
0.434782608696 0.0133933442444
0.428571428571 0.0133933442444
0.426035502959 0.0145442730549
0.421052631579 0.0146548582719
0.41935483871 0.0152299014001
0.416666666667 0.0152299014001
0.411764705882 0.0157154933751
0.409090909091 0.0157744721575
0.40625 0.0157744721575
0.4 0.0159671361799
0.394366197183 0.0170282404325
0.392857142857 0.0171167086061
0.391304347826 0.0172051767796
0.388888888889 0.0172072831647
0.388059701493 0.0172662619471
0.387755102041 0.0172662619471
0.387096774194 0.0173842195119
0.384615384615 0.0173842195119
0.382352941176 0.0175012292034
0.380952380952 0.0175012292034
0.38064516129 0.0175277696554
0.379310344828 0.0175277696554
0.378378378378 0.0175277696554
0.375 0.0175277696554
0.372881355932 0.017875086042
0.371794871795 0.0181562884509
0.37037037037 0.0184688759975
0.368421052632 0.0184688759975
0.366197183099 0.0190478510446
0.363636363636 0.0191658086093
0.361111111111 0.0200370094805
0.36 0.0203839119551
0.357142857143 0.0206469449514
0.354838709677 0.0205856653483
0.353846153846 0.0206520164785
0.352941176471 0.0207109952609
0.35 0.0211847646333
0.347826086957 0.0213570669333
0.346153846154 0.02172189283
0.344827586207 0.0219135738728
0.344086021505 0.0220094143941
0.34375 0.0223745479883
0.342105263158 0.0225219949443
0.333333333333 0.0225588566832
0.329896907216 0.0258123226208
0.327272727273 0.0259934717382
0.323529411765 0.0260893122595
0.323076923077 0.0260893122595
0.322580645161 0.0260893122595
0.321428571429 0.0260893122595
0.32 0.0260893122595
0.318181818182 0.0264785722233
0.316666666667 0.0265471877174
0.316455696203 0.0265471877174
0.315789473684 0.0267502623886
0.314741035857 0.0270450988536
0.314285714286 0.0274461545738
0.313609467456 0.027512505704
0.3125 0.0276894420511
0.311111111111 0.0283061008547
0.310344827586 0.0283061008547
0.30985915493 0.0283916200891
0.309523809524 0.0284874606105
0.308943089431 0.0285169500017
0.307692307692 0.0287307480878
0.305555555556 0.0297749255072
0.304347826087 0.0298809171395
0.30303030303 0.0302484647656
0.302631578947 0.030429613883
0.302325581395 0.0304885926654
0.301435406699 0.0304885926654
0.301369863014 0.0307805376381
0.3 0.0307805376381
0.298701298701 0.0329021118378
0.298387096774 0.0329021118378
0.297297297297 0.0331748887063
0.296296296296 0.0331748887063
0.295454545455 0.0332338674887
0.294117647059 0.0332707292277
0.292207792208 0.0339668894983
0.291666666667 0.034366470749
0.290322580645 0.0345903794835
0.289473684211 0.0345314007011
0.288888888889 0.0345210794142
0.285714285714 0.0346508327355
0.28125 0.0352517786412
0.280423280423 0.0352517786412
0.28 0.0356091268709
0.279069767442 0.0358831675704
0.277777777778 0.0362075508735
0.275862068966 0.0364576985869
0.274725274725 0.0364576985869
0.272727272727 0.036560911456
0.27027027027 0.0377668235275
0.269736842105 0.0377867855769
0.269230769231 0.0380960029074
0.268292682927 0.0381575876352
0.267175572519 0.0384556411247
0.266666666667 0.0385968721796
0.264705882353 0.0390358876532
0.263888888889 0.039068290877
0.263157894737 0.0392776655545
0.2625 0.0392888426999
0.261904761905 0.0394401459609
0.260869565217 0.039590541856
0.259615384615 0.0398453777955
0.259259259259 0.0400842418641
0.258823529412 0.0402028153869
0.258064516129 0.040315506989
0.257575757576 0.0406113649483
0.257142857143 0.0403728615183
0.256756756757 0.0405042999476
0.25641025641 0.0404866063129
0.255813953488 0.0404158276083
0.255555555556 0.0404748063907
0.253731343284 0.0405394562098
0.251908396947 0.0407008053074
0.251461988304 0.0409017369286
0.25 0.041077186011
0.246913580247 0.0431865372087
0.245901639344 0.0433961225247
0.245614035088 0.0434256119159
0.244897959184 0.0436078142257
0.244444444444 0.0436078142257
0.243902439024 0.0435694024034
0.243243243243 0.0435694024034
0.242937853107 0.0436612874999
0.242424242424 0.0437275576152
0.242038216561 0.0440977762485
0.241935483871 0.0440528547813
0.241379310345 0.0441327201428
0.24 0.0443901081382
0.239819004525 0.0443878876467
0.238095238095 0.0444913174947
0.236842105263 0.0445993462293
0.236111111111 0.0446178297584
0.23595505618 0.0448392481118
0.235294117647 0.0448505027066
0.233766233766 0.0455819601033
0.233333333333 0.0458490011232
0.233082706767 0.0463820476465
0.232558139535 0.0463943348928
0.232142857143 0.0464481643738
0.230769230769 0.0461338096543
0.229885057471 0.0465932086024
0.228813559322 0.046758349193
0.228571428571 0.0471273135169
0.227272727273 0.0471401325838
0.226890756303 0.0476415489333
0.22641509434 0.047556280846
0.225806451613 0.0475899303478
0.225352112676 0.0480326338205
0.225225225225 0.0480426162541
0.225 0.0481692304387
0.224489795918 0.04819231257
0.224 0.0481701908642
0.222222222222 0.0482321185857
0.221052631579 0.0477693255432
0.220338983051 0.0477843800911
0.220183486239 0.0478967722561
0.220125786164 0.0482102230831
0.22 0.048474287177
0.219512195122 0.0485714370842
0.219178082192 0.0485734083457
0.21875 0.0486539775752
0.218309859155 0.0489266700377
0.218181818182 0.0489464242973
0.217391304348 0.0489662578117
0.216748768473 0.0491711494561
0.216216216216 0.0491711494561
0.21568627451 0.0490707074498
0.214285714286 0.04910131872
0.213740458015 0.0490022169215
0.212765957447 0.0490159986591
0.212121212121 0.0486088288857
0.21186440678 0.0485230260602
0.211538461538 0.0485855137544
0.211267605634 0.0486651351106
0.211111111111 0.0487457570615
0.210526315789 0.0487457570615
0.209677419355 0.0493101449479
0.209302325581 0.0490875483315
0.208333333333 0.0491303079488
0.207920792079 0.0485387597913
0.207792207792 0.0484724929784
0.207547169811 0.0484724929784
0.206896551724 0.0484971981516
0.205882352941 0.0486112151547
0.205479452055 0.0485343397886
0.205128205128 0.0485422924554
0.204819277108 0.0488148303604
0.204545454545 0.0488051687822
0.204301075269 0.0488051687822
0.204081632653 0.0487948474953
0.203389830508 0.0490610490783
0.202898550725 0.0483577001798
0.202380952381 0.0483577001798
0.20202020202 0.048352306614
0.201923076923 0.0483277321213
0.201834862385 0.0483223401629
0.201680672269 0.0483223401629
0.201298701299 0.0482903301383
0.2 0.048306424908
0.199052132701 0.0437967560113
0.198473282443 0.0437967560113
0.198412698413 0.043888173124
0.198198198198 0.043981397651
0.19801980198 0.0440058498551
0.197802197802 0.0440153040952
0.197674418605 0.0440640177169
0.197530864198 0.0440640177169
0.196911196911 0.044132111402
0.196428571429 0.0442999136136
0.196078431373 0.0443075453744
0.195652173913 0.0444576711027
0.195402298851 0.0445402027319
0.19512195122 0.0446105061102
0.194444444444 0.044619743134
0.193798449612 0.0445319049353
0.193548387097 0.0445129062969
0.193277310924 0.0448033631242
0.193103448276 0.0448294278699
0.19298245614 0.0449473854346
0.192771084337 0.0449614031118
0.192307692308 0.0450102712458
0.191780821918 0.0454862904972
0.191489361702 0.0454985369221
0.191304347826 0.0455221021349
0.191176470588 0.0455463311507
0.190476190476 0.0456603567966
0.19 0.0458860193959
0.189944134078 0.0458860193959
0.189873417722 0.0459056504526
0.189655172414 0.0459056504526
0.189189189189 0.0459320215576
0.188775510204 0.045979206374
0.18875502008 0.045979206374
0.188679245283 0.04602588554
0.188405797101 0.045952233987
0.1875 0.0459616984226
0.187134502924 0.0465210629725
0.18691588785 0.0466095311461
0.186813186813 0.0466095311461
0.186567164179 0.0466081907192
0.186440677966 0.0466081907192
0.186046511628 0.0466245403183
0.185714285714 0.0465987732556
0.185567010309 0.0465987732556
0.185393258427 0.0465987732556
0.185185185185 0.0465371518345
0.184615384615 0.0469474517649
0.184466019417 0.0463316664306
0.184210526316 0.0463971874819
0.183908045977 0.0463631442154
0.183783783784 0.0463631442154
0.183673469388 0.046341027172
0.183098591549 0.0463692689351
0.182795698925 0.0463692689351
0.182692307692 0.0463692689351
0.182432432432 0.0464458770623
0.181818181818 0.0464458770623
0.180952380952 0.0451453861195
0.180555555556 0.0451453861195
0.18045112782 0.0453482224415
0.180327868852 0.0453482224415
0.18018018018 0.045419264112
0.180124223602 0.0456940660527
0.18 0.0456940660527
0.179775280899 0.0456624987251
0.179487179487 0.0456624987251
0.179104477612 0.0454446287259
0.178947368421 0.0454446287259
0.178571428571 0.0454446287259
0.177777777778 0.0458929894311
0.177419354839 0.0457901288448
0.177083333333 0.0459373789912
0.176470588235 0.0459373789912
0.176100628931 0.0452138290539
0.176056338028 0.0452138290539
0.175925925926 0.0452138290539
0.175824175824 0.0452487950463
0.175675675676 0.0452487950463
0.175531914894 0.0452817971444
0.175438596491 0.044992125715
0.175 0.0449961822486
0.174603174603 0.0451752760087
0.174496644295 0.0451752760087
0.174418604651 0.0451642477333
0.174242424242 0.0451667663215
0.173913043478 0.0451996329041
0.173553719008 0.0454721082188
0.173333333333 0.0454721082188
0.173184357542 0.0455498619136
0.173076923077 0.0454478350256
0.172413793103 0.0453306690415
0.171875 0.0454762924253
0.171717171717 0.0454294768755
0.171641791045 0.0454294768755
0.171428571429 0.0454294768755
0.171122994652 0.0454954936783
0.171052631579 0.0454962121161
0.170731707317 0.0451406717713
0.170454545455 0.0452103755557
0.170403587444 0.0452103755557
0.170212765957 0.0454242955288
0.170103092784 0.0454217658016
0.169811320755 0.0454217658016
0.169642857143 0.0454217658016
0.169491525424 0.0454253797072
0.169230769231 0.0454253797072
0.169082125604 0.0454064222415
0.168831168831 0.0454005243632
0.168674698795 0.0454595029282
0.168384879725 0.0454795677815
0.166666666667 0.0455083897843
0.164835164835 0.0394468687824
0.164705882353 0.0394468687824
0.164634146341 0.0394468687824
0.164556962025 0.0394482140229
0.164179104478 0.0394478726816
0.16393442623 0.0394478726816
0.163636363636 0.0394478726816
0.163461538462 0.0394383504896
0.163265306122 0.0393425699089
0.163043478261 0.0395589796331
0.162790697674 0.0395589796331
0.162601626016 0.0395534727405
0.1625 0.0395587573177
0.162162162162 0.0395587573177
0.161904761905 0.0392321921451
0.161764705882 0.0392399412859
0.161616161616 0.0392055018898
0.161290322581 0.0392055018898
0.160714285714 0.0388800579532
0.16049382716 0.0388852373178
0.16 0.0388852373178
0.159722222222 0.0388791287386
0.159574468085 0.0388791287386
0.159420289855 0.0388791287386
0.159340659341 0.0388791287386
0.159090909091 0.0389199369684
0.15873015873 0.0389270612602
0.158620689655 0.0389414229767
0.158536585366 0.0390849897496
0.158469945355 0.0390849897496
0.158415841584 0.0391873388422
0.157894736842 0.0391873388422
0.157303370787 0.0386466840285
0.157024793388 0.0386466840285
0.156862745098 0.0386515845928
0.156626506024 0.0386560253029
0.15652173913 0.0386673066708
0.15625 0.0386661449675
0.155963302752 0.0383403197682
0.155844155844 0.0383403197682
0.155737704918 0.0383478749095
0.155555555556 0.0383478749095
0.155405405405 0.0382644657223
0.155172413793 0.0382644657223
0.154929577465 0.0382644657223
0.154838709677 0.0382383579847
0.154761904762 0.0382383579847
0.153846153846 0.0382981028715
0.152941176471 0.0356664719841
0.152777777778 0.0356664719841
0.152671755725 0.0356930291146
0.152542372881 0.0353331852223
0.152173913043 0.0353331852223
0.151898734177 0.0353262435835
0.151515151515 0.0352892359725
0.151162790698 0.0354193388409
0.150943396226 0.0354473534586
0.150684931507 0.0354481399314
0.15 0.0354481399314
0.149700598802 0.0355471207592
0.149606299213 0.0355489254025
0.149425287356 0.0356764937254
0.149253731343 0.0356764937254
0.148936170213 0.0356764937254
0.148648648649 0.0356533465118
0.14859437751 0.0356475320018
0.1484375 0.0356475320018
0.148148148148 0.0356475320018
0.147887323944 0.034246060737
0.147826086957 0.0342447177107
0.147727272727 0.0342460302588
0.147540983607 0.0342460302588
0.147058823529 0.0340007741274
0.146788990826 0.0332039754015
0.146666666667 0.0332039754015
0.146341463415 0.0331917906869
0.146226415094 0.0328294158088
0.14606741573 0.0328492488572
0.145833333333 0.0328503610953
0.145695364238 0.0328312184346
0.145454545455 0.0328312184346
0.145348837209 0.0328620893338
0.145299145299 0.0328620893338
0.145161290323 0.0329285473776
0.144927536232 0.0329285473776
0.144827586207 0.0328513619939
0.144736842105 0.0328513619939
0.144578313253 0.0329212959622
0.144444444444 0.0328062705723
0.14406779661 0.0328062705723
0.143939393939 0.0328062705723
0.143790849673 0.0328073860522
0.14358974359 0.0328073860522
0.142857142857 0.0328073860522
0.142105263158 0.0269526253201
0.14201183432 0.0269534345781
0.141891891892 0.0269559584748
0.141843971631 0.0269568795348
0.141818181818 0.0269568795348
0.141732283465 0.0269593096012
0.141592920354 0.0269361074884
0.141509433962 0.0268803523184
0.141304347826 0.0268803523184
0.141176470588 0.0268803523184
0.140939597315 0.0268755267817
0.140845070423 0.0268784404267
0.140776699029 0.0268792535055
0.140625 0.0268059367601
0.140350877193 0.0268021263874
0.140186915888 0.0266739937363
0.14 0.0266748050021
0.139784946237 0.0266617417783
0.139705882353 0.0266617417783
0.139534883721 0.0266617417783
0.139344262295 0.0265178409499
0.139240506329 0.0265178409499
0.139130434783 0.0265183025945
0.138888888889 0.0265191064035
0.138613861386 0.0265099585178
0.138461538462 0.0265107484252
0.13829787234 0.0265110559364
0.138211382114 0.0265045647103
0.138095238095 0.0260952387999
0.137931034483 0.0260952387999
0.137614678899 0.0262026479928
0.1375 0.0262026479928
0.137404580153 0.0261216123654
0.137254901961 0.0261312634389
0.137168141593 0.0261323968659
0.137142857143 0.0261342540783
0.137096774194 0.0261342540783
0.13698630137 0.0261347188434
0.136842105263 0.0260899710185
0.136752136752 0.0260944949592
0.136690647482 0.0261008715554
0.136363636364 0.0261018106824
0.136054421769 0.025372066972
0.135869565217 0.025372066972
0.135802469136 0.0253724875253
0.135593220339 0.0253724875253
0.135135135135 0.025369186818
0.135021097046 0.0252286472596
0.134831460674 0.0252290586291
0.134615384615 0.0252290586291
0.134453781513 0.0252707993759
0.134328358209 0.0252707993759
0.134146341463 0.0252710043193
0.134020618557 0.0252642103753
0.133858267717 0.0252654462306
0.133333333333 0.0252654462306
0.1328125 0.0244141022057
0.132530120482 0.0244141022057
0.132478632479 0.0244123370755
0.132450331126 0.0244123370755
0.132352941176 0.0244123370755
0.132075471698 0.0244132408093
0.131868131868 0.0245114722885
0.131736526946 0.0245101896554
0.131578947368 0.0245101896554
0.131386861314 0.0245840464836
0.131313131313 0.0245864641683
0.131147540984 0.024586963723
0.130952380952 0.0245904328303
0.130841121495 0.0245920473744
0.130718954248 0.0245920473744
0.130434782609 0.0245920473744
0.130136986301 0.0233277506449
0.130111524164 0.0233277506449
0.13 0.0233279937149
0.129943502825 0.0233279937149
0.12987012987 0.0233279937149
0.12962962963 0.0233150736457
0.129411764706 0.0233149824132
0.129310344828 0.0233032408554
0.129151291513 0.023263570616
0.129032258065 0.0232608763106
0.128712871287 0.0232142596684
0.128571428571 0.0231408117085
0.128440366972 0.0231413771418
0.128205128205 0.0231431996552
0.128078817734 0.0230933080766
0.128 0.0230933080766
0.127906976744 0.0230935460161
0.127853881279 0.0230949931618
0.127819548872 0.0230949931618
0.127777777778 0.0230949931618
0.127659574468 0.023095231206
0.127516778523 0.0227278213939
0.127450980392 0.0227278213939
0.127388535032 0.0227278213939
0.127272727273 0.0227278213939
0.127118644068 0.022727724337
0.126984126984 0.022727724337
0.126865671642 0.022730811916
0.12676056338 0.022730811916
0.126637554585 0.0227312736944
0.126582278481 0.0227315046367
0.126436781609 0.0226977079722
0.126315789474 0.0226977079722
0.126126126126 0.0227020043949
0.125984251969 0.0227022360185
0.125603864734 0.0227024676773
0.125 0.0227024676773
0.124293785311 0.0179766115809
0.124031007752 0.0179766115809
0.12389380531 0.0179766115809
0.12380952381 0.0179770252459
0.123762376238 0.0179770252459
0.123711340206 0.0179770252459
0.123595505618 0.0179770252459
0.123456790123 0.0179776459499
0.123287671233 0.0179782669016
0.123076923077 0.0179782669016
0.122950819672 0.0179620477365
0.122807017544 0.0179620477365
0.122641509434 0.0178344438377
0.122448979592 0.0178348577541
0.122362869198 0.0178361749715
0.122222222222 0.017836589493
0.12213740458 0.0178380411845
0.121951219512 0.0178355066135
0.121827411168 0.017702673019
0.121621621622 0.0177032839482
0.121495327103 0.0176091877316
0.121212121212 0.0176093872477
0.121107266436 0.0174695622229
0.120879120879 0.0174695622229
0.120689655172 0.0175083388411
0.120481927711 0.0175460529428
0.12037037037 0.0175460529428
0.12030075188 0.0175460529428
0.12 0.0175468470675
0.119760479042 0.0173888784102
0.119718309859 0.0173888784102
0.119658119658 0.0173888784102
0.119565217391 0.0173888784102
0.119402985075 0.0173888784102
0.119341563786 0.0173903818762
0.119318181818 0.0173931466698
0.119266055046 0.0173931466698
0.119205298013 0.0174120266805
0.119047619048 0.0174120266805
0.11875 0.0173687102889
0.118644067797 0.0173687102889
0.118421052632 0.0173695001689
0.118343195266 0.0174286764821
0.118279569892 0.0174286764821
0.118181818182 0.0174288740371
0.11801242236 0.017430059877
0.117647058824 0.0174306531247
0.117391304348 0.0163237412869
0.117370892019 0.0163239342592
0.117117117117 0.0163002112314
0.117021276596 0.0163002112314
0.116883116883 0.0163002112314
0.116666666667 0.0162958081011
0.116504854369 0.0161596984613
0.116279069767 0.0161236879818
0.115942028986 0.0160518523297
0.115789473684 0.0158981673329
0.115606936416 0.0158985480067
0.115384615385 0.0158436665886
0.115183246073 0.0151375965787
0.115044247788 0.0151382822493
0.114942528736 0.0151382822493
0.114754098361 0.0151382822493
0.114583333333 0.0150803325139
0.114537444934 0.0150803325139
0.114503816794 0.0150803325139
0.114285714286 0.0150803325139
0.114035087719 0.0148052070693
0.113924050633 0.0147470603274
0.113821138211 0.0147472267865
0.11377245509 0.0147161136825
0.113636363636 0.0147161136825
0.113402061856 0.0146194103513
0.113360323887 0.0146207434348
0.113300492611 0.0146236793633
0.11320754717 0.0146243425824
0.113043478261 0.0144902168409
0.112903225806 0.0144902168409
0.112781954887 0.0143805027511
0.112745098039 0.0143806605018
0.112676056338 0.0143812916548
0.1125 0.0141515298771
0.112359550562 0.0141518458839
0.112244897959 0.0141518458839
0.112068965517 0.0141518458839
0.112033195021 0.0141518458839
0.112 0.0141521619506
0.111888111888 0.0141521619506
0.111801242236 0.0141521619506
0.111731843575 0.0141534268164
0.11170212766 0.0141534268164
0.111675126904 0.0141534268164
0.111587982833 0.0141534268164
0.111510791367 0.0141537431825
0.111111111111 0.0141537431825
0.110619469027 0.0105929556989
0.110236220472 0.0105942408064
0.110169491525 0.0105942408064
0.11013215859 0.0105949551703
0.110091743119 0.0105949551703
0.11 0.0105950980787
0.109947643979 0.0105950980787
0.10989010989 0.0105950980787
0.109756097561 0.0105950980787
0.109649122807 0.0105950980787
0.109589041096 0.0105950980787
0.109375 0.010595240999
0.109195402299 0.010728771367
0.109090909091 0.0107301982128
0.108974358974 0.0107292742653
0.108910891089 0.0107294172155
0.108843537415 0.0107294172155
0.108695652174 0.0107299891343
0.108527131783 0.0106024923106
0.10843373494 0.0106024923106
0.108374384236 0.0104560462308
0.108333333333 0.0104564753546
0.108108108108 0.0105158833668
0.107843137255 0.0105772408417
0.107692307692 0.0105772408417
0.107438016529 0.0105775265983
0.107382550336 0.0105775265983
0.107344632768 0.0105775265983
0.107142857143 0.0105775265983
0.106918238994 0.0100408410487
0.106870229008 0.0100408410487
0.106796116505 0.0100408410487
0.106741573034 0.0100408410487
0.106666666667 0.0100408410487
0.106557377049 0.0100409833589
0.106382978723 0.0100411256806
0.106194690265 0.010042027454
0.106145251397 0.010042027454
0.106060606061 0.010042027454
0.105882352941 0.0100427394152
0.10582010582 0.0100422662712
0.105769230769 0.0100422662712
0.105633802817 0.0100422662712
0.105263157895 0.0100426913103
0.104838709677 0.00955583305985
0.104761904762 0.0095559742339
0.104651162791 0.0095559742339
0.10460251046 0.00950901654229
0.10447761194 0.00950901654229
0.104395604396 0.0095111346786
0.104347826087 0.0095111346786
0.104294478528 0.00951155860228
0.104166666667 0.00951155860228
0.104 0.00950726915378
0.103896103896 0.0095078346269
0.103773584906 0.00934917457783
0.103703703704 0.00934917457783
0.103658536585 0.00934917457783
0.103448275862 0.00934931574888
0.103225806452 0.00909873617661
0.103174603175 0.00909848922112
0.103092783505 0.00909848922112
0.10303030303 0.00910558694543
0.102941176471 0.00910558694543
0.102857142857 0.00906239795665
0.102803738318 0.00906239795665
0.102702702703 0.00906239795665
0.102678571429 0.00906239795665
0.102564102564 0.00906253723722
0.10243902439 0.00907284141904
0.102409638554 0.00907284141904
0.102362204724 0.00907284141904
0.102272727273 0.00907284141904
0.102150537634 0.00907353623093
0.102040816327 0.00903736956575
0.101910828025 0.00903615710706
0.101851851852 0.00903615710706
0.101694915254 0.00903629631075
0.1015625 0.00903671398467
0.101449275362 0.0090369924863
0.101351351351 0.0090374103173
0.101265822785 0.0090374103173
0.101123595506 0.00903754961524
0.10101010101 0.00903852499406
0.10094637224 0.00903866437577
0.100917431193 0.00904040278348
0.100840336134 0.00904040278348
0.100746268657 0.00904040278348
0.10071942446 0.00904054232228
0.10067114094 0.00904054232228
0.100591715976 0.00904054232228
0.100401606426 0.00904054232228
0.1 0.00904165900965
0.0992907801418 0.00639860202858
0.0992366412214 0.00639860202858
0.099173553719 0.00639913525034
0.0990990990991 0.00639966862188
0.0990099009901 0.00639980198816
0.0989583333333 0.00640009842049
0.0989010989011 0.00640009842049
0.0987654320988 0.00640009842049
0.0986842105263 0.00640063193974
0.0985915492958 0.00640063193974
0.0985401459854 0.00640076534295
0.0984848484848 0.00640076534295
0.0983606557377 0.00640089875551
0.0982142857143 0.00640103217743
0.0981595092025 0.0064011656087
0.0980392156863 0.00640143249933
0.0979020979021 0.00640226259641
0.0978260869565 0.00640226259641
0.0975609756098 0.00640252957944
0.0973451327434 0.00634255793507
0.0972972972973 0.00634255793507
0.0972222222222 0.00634255793507
0.0971428571429 0.00634416115621
0.0970873786408 0.00634482956197
0.0970149253731 0.00634523071749
0.0969696969697 0.00634523071749
0.0967741935484 0.00634536445468
0.0966666666667 0.00638629877752
0.0966183574879 0.00638629877752
0.0965909090909 0.00638629877752
0.0964912280702 0.00638629877752
0.0963855421687 0.00638629877752
0.0963302752294 0.00638669958394
0.0962962962963 0.00638669958394
0.096256684492 0.00638683320461
0.0961538461538 0.00638683320461
0.0960451977401 0.00640551399039
0.0960264900662 0.00640551399039
0.0959595959596 0.00640551399039
0.0958904109589 0.00640551399039
0.095785440613 0.00640590966911
0.0957446808511 0.00640590966911
0.095652173913 0.00640590966911
0.0956175298805 0.00640590966911
0.0955882352941 0.00640590966911
0.0954545454545 0.00640590966911
0.0952380952381 0.00640617350002
0.095 0.0058175840185
0.0948905109489 0.0058175840185
0.0948275862069 0.0058175840185
0.0947368421053 0.00581797767838
0.094674556213 0.00581797767838
0.0945945945946 0.00581797767838
0.0945273631841 0.0058188965248
0.0944881889764 0.0058188965248
0.0943396226415 0.0058188965248
0.0942857142857 0.00559540625378
0.0941176470588 0.00559540625378
0.0940170940171 0.00559540625378
0.093896713615 0.00559540625378
0.09375 0.00559540625378
0.0936170212766 0.00561111532769
0.0935960591133 0.00561124655985
0.093567251462 0.00561124655985
0.0934579439252 0.00561124655985
0.0934065934066 0.00561150905022
0.0933333333333 0.00561150905022
0.0932203389831 0.00561177157533
0.093137254902 0.00561177157533
0.0931174089069 0.00561177157533
0.093023255814 0.00561190285091
0.0928961748634 0.00561501692188
0.0928571428571 0.00561501692188
0.0928270042194 0.00561501692188
0.0927835051546 0.00561501692188
0.0925925925926 0.00561501692188
0.0924855491329 0.00560859100587
0.0924369747899 0.00560859100587
0.0923076923077 0.00560872238721
0.0921985815603 0.00560911658326
0.0921658986175 0.00560911658326
0.0921052631579 0.00560911658326
0.0920245398773 0.00560924799928
0.0919540229885 0.00560924799928
0.0918918918919 0.00560924799928
0.0918367346939 0.00560924799928
0.0917874396135 0.00560937942397
0.0917431192661 0.00560937942397
0.0917159763314 0.00560937942397
0.0917030567686 0.00560937942397
0.0916666666667 0.00560937942397
0.0916030534351 0.00560937942397
0.0915492957746 0.00560951085733
0.0915032679739 0.00561069414774
0.0914634146341 0.00561095719654
0.0913978494624 0.00561095719654
0.0909090909091 0.00561095719654
0.0904977375566 0.00385412643964
0.0904522613065 0.00385412643964
0.090395480226 0.00385412643964
0.0903614457831 0.00385412643964
0.0903225806452 0.00385412643964
0.0902777777778 0.00385412643964
0.0902255639098 0.00385425312989
0.0900900900901 0.00385425312989
0.09 0.00385425312989
0.0898876404494 0.00385437982791
0.0897959183673 0.00385437982791
0.0897435897436 0.00385437982791
0.0896860986547 0.00385437982791
0.089552238806 0.00385437982791
0.0894308943089 0.00382318420347
0.0893617021277 0.00382318420347
0.0892857142857 0.00382318420347
0.0892018779343 0.00382343756565
0.0891719745223 0.00382343756565
0.0891089108911 0.00382343756565
0.0890410958904 0.00382356425836
0.0890052356021 0.00382356425836
0.0888888888889 0.00382356425836
0.088785046729 0.00376729465955
0.0887096774194 0.00376729465955
0.0886075949367 0.00376729465955
0.0884955752212 0.00376729465955
0.0882352941176 0.00376742139299
0.0881057268722 0.00357433184472
0.088 0.00348674834691
0.0879120879121 0.00348674834691
0.0878048780488 0.00348700118031
0.0877192982456 0.00348700118031
0.0876494023904 0.00348889840693
0.0875912408759 0.00348889840693
0.0875576036866 0.00348902494995
0.0875 0.00348902494995
0.0873786407767 0.00348915150063
0.0873015873016 0.00348915150063
0.0869565217391 0.00348927805896
0.0867768595041 0.00341566319998
0.0867052023121 0.00341566319998
0.0866666666667 0.00341566319998
0.0866141732283 0.00341591755849
0.0865384615385 0.00341604474913
0.0864864864865 0.00341604474913
0.0864197530864 0.00341604474913
0.0863309352518 0.00341604474913
0.0862944162437 0.00341604474913
0.0862068965517 0.00341604474913
0.0860215053763 0.00339999963849
0.0859375 0.00339999963849
0.0858895705521 0.00339999963849
0.0857142857143 0.00339999963849
0.0855263157895 0.00340495970867
0.0854700854701 0.00340495970867
0.0854271356784 0.00340495970867
0.0853658536585 0.00340495970867
0.085201793722 0.00340495970867
0.0851063829787 0.00340495970867
0.0849673202614 0.00340623337627
0.0849420849421 0.00340623337627
0.0849056603774 0.00340623337627
0.0848484848485 0.00340623337627
0.0847457627119 0.00340623337627
0.0846153846154 0.00340687049395
0.0845771144279 0.00340687049395
0.0845070422535 0.00340687049395
0.0843373493976 0.00340687049395
0.0842696629213 0.00340712539402
0.0842105263158 0.00340712539402
0.0841121495327 0.00340712539402
0.0840336134454 0.0034072528554
0.084 0.0034072528554
0.0839694656489 0.0034072528554
0.0837988826816 0.0034072528554
0.0837438423645 0.00340738032436
0.0836653386454 0.00340738032436
0.0833333333333 0.00340738032436
0.0830188679245 0.0027501499064
0.0828729281768 0.0027501499064
0.0828025477707 0.0027501499064
0.0827586206897 0.0027501499064
0.0827067669173 0.0027501499064
0.0826446280992 0.0027501499064
0.0826086956522 0.00275052704602
0.0825688073394 0.00275052704602
0.0824742268041 0.00275052704602
0.0823529411765 0.00275052704602
0.0822784810127 0.00275065277367
0.0821917808219 0.00275065277367
0.0820895522388 0.00275115575651
0.0819672131148 0.00275115575651
0.0819112627986 0.00275191044744
0.0818965517241 0.00275191044744
0.0818713450292 0.00275191044744
0.0818181818182 0.00275191044744
0.0817120622568 0.00275203625455
0.0816326530612 0.00275203625455
0.0814814814815 0.00275427314111
0.0814332247557 0.00275427314111
0.0813953488372 0.00275427314111
0.0813397129187 0.00275427314111
0.0813008130081 0.00275427314111
0.08125 0.00275427314111
0.0812182741117 0.00275427314111
0.0811965811966 0.00275427314111
0.0810810810811 0.00275427314111
0.0809523809524 0.00271942328495
0.0808823529412 0.00271980071799
0.0808080808081 0.00271980071799
0.0807453416149 0.0027199265434
0.0806451612903 0.0027199265434
0.0805687203791 0.0027199265434
0.0805369127517 0.0027199265434
0.0804597701149 0.0027199265434
0.0804020100503 0.00272005237599
0.0803571428571 0.00272005237599
0.0802919708029 0.00272005237599
0.0802139037433 0.00272005237599
0.08 0.00272005237599
0.0797872340426 0.00268998264273
0.0796460176991 0.00268998264273
0.0795454545455 0.00268998264273
0.0793650793651 0.00268998264273
0.0792682926829 0.00269048474573
0.0792079207921 0.00269048474573
0.0791366906475 0.00269048474573
0.0790960451977 0.00269048474573
0.0789473684211 0.00269048474573
0.0787401574803 0.0026923592329
0.0786516853933 0.0026923592329
0.0785714285714 0.0026923592329
0.0785340314136 0.0026923592329
0.078431372549 0.0026923592329
0.0783410138249 0.00269261043915
0.078313253012 0.00269261043915
0.0782608695652 0.00269261043915
0.0782122905028 0.00269261043915
0.078125 0.00269261043915
0.0780487804878 0.00268064112614
0.0780141843972 0.00268064112614
0.0779220779221 0.00268064112614
0.0778443113772 0.00268076656596
0.0777777777778 0.00268076656596
0.0776699029126 0.00268101746692
0.0775862068966 0.00268101746692
0.077519379845 0.00268101746692
0.0774647887324 0.0026812683963
0.0774193548387 0.0026812683963
0.077380952381 0.0026812683963
0.0773480662983 0.0026812683963
0.0773195876289 0.0026812683963
0.0769230769231 0.0026812683963
0.0765027322404 0.00244264378986
0.0764705882353 0.00244264378986
0.0764331210191 0.00244264378986
0.0763888888889 0.00244264378986
0.0763358778626 0.00244264378986
0.0762711864407 0.00244264378986
0.0761904761905 0.00244264378986
0.0761421319797 0.00244264378986
0.0760869565217 0.00244264378986
0.0760233918129 0.00244264378986
0.0759878419453 0.00244264378986
0.0759493670886 0.00244264378986
0.0758928571429 0.00244264378986
0.0758620689655 0.00244264378986
0.0758293838863 0.00244264378986
0.0757575757576 0.00244289269406
0.0756972111554 0.00244301715646
0.0756756756757 0.00244301715646
0.0756302521008 0.00244301715646
0.0755813953488 0.00244314162573
0.0754716981132 0.00244314162573
0.0753968253968 0.00244338166758
0.0753768844221 0.00244338166758
0.0753424657534 0.00244363060414
0.0752688172043 0.00244363060414
0.0751879699248 0.00244363060414
0.0751445086705 0.00244363060414
0.0750988142292 0.00244363060414
0.075 0.00244363060414
0.0748299319728 0.00244523078663
0.0747663551402 0.00244523078663
0.0747126436782 0.00244523078663
0.0746268656716 0.00244523078663
0.0745341614907 0.00244597799586
0.0744680851064 0.00244597799586
0.0743801652893 0.00244597799586
0.0743243243243 0.00244597799586
0.0742857142857 0.00244597799586
0.0740740740741 0.00244597799586
0.0739644970414 0.00245141243563
0.0738916256158 0.00245141243563
0.0738636363636 0.00245141243563
0.0738255033557 0.00245141243563
0.0737704918033 0.00245141243563
0.073732718894 0.00245141243563
0.0736842105263 0.00245141243563
0.0736434108527 0.00245141243563
0.0736196319018 0.00245141243563
0.0735294117647 0.00245141243563
0.0734463276836 0.00245166191233
0.0733944954128 0.00245166191233
0.0733333333333 0.00245166191233
0.0731707317073 0.00245166191233
0.0730769230769 0.0024176948782
0.0730337078652 0.00241806936324
0.0729927007299 0.00241806936324
0.0729166666667 0.00241806936324
0.0728476821192 0.00241819420527
0.0727272727273 0.00241819420527
0.0726495726496 0.00241844390983
0.072625698324 0.00241844390983
0.0725806451613 0.00241881851797
0.0725388601036 0.00241881851797
0.0724637681159 0.00241881851797
0.0723684210526 0.00241894340103
0.0722891566265 0.00241906829092
0.0721649484536 0.00241919318765
0.0721153846154 0.00241919318765
0.0720720720721 0.00241919318765
0.072 0.00241919318765
0.0719424460432 0.00241919318765
0.0718954248366 0.00241919318765
0.0718562874251 0.00241919318765
0.0718232044199 0.00241919318765
0.0717703349282 0.00241919318765
0.0714285714286 0.00241919318765
0.071186440678 0.0024137876626
0.0710659898477 0.0024137876626
0.0710382513661 0.0024137876626
0.0710059171598 0.0024137876626
0.0709677419355 0.00241391202844
0.0709219858156 0.00241391202844
0.0708661417323 0.00241391202844
0.070796460177 0.00241391202844
0.0707070707071 0.00241391202844
0.070652173913 0.00241403640098
0.0705882352941 0.00241403640098
0.0705128205128 0.00241428516612
0.0704225352113 0.00241428516612
0.070351758794 0.00241428516612
0.0703125 0.00241428516612
0.0702479338843 0.00241428516612
0.0701754385965 0.00241428516612
0.0700636942675 0.0024147827767
0.07 0.0024147827767
0.0699588477366 0.0024147827767
0.0699300699301 0.0024147827767
0.0697674418605 0.0024147827767
0.0696517412935 0.00241590279189
0.0696202531646 0.00241590279189
0.0695970695971 0.00241602727147
0.0695652173913 0.00241615175775
0.0694444444444 0.00241615175775
0.0693641618497 0.00241677428949
0.0693069306931 0.00241689881591
0.0692307692308 0.00241689881591
0.0691489361702 0.00241702334902
0.0689655172414 0.00241702334902
0.0688073394495 0.00241987399755
0.0687830687831 0.00241987399755
0.06875 0.00241987399755
0.0687022900763 0.00241987399755
0.0686274509804 0.00241987399755
0.0684931506849 0.00241987399755
0.0684210526316 0.00241999866616
0.0683760683761 0.00241999866616
0.0681818181818 0.00241999866616
0.0680628272251 0.00242112098465
0.0680272108844 0.00242112098465
0.0679611650485 0.00242112098465
0.0679012345679 0.00242112098465
0.0678733031674 0.00241883900796
0.0677966101695 0.00241883900796
0.0677290836653 0.00241921091483
0.0677083333333 0.00241921091483
0.0676691729323 0.00241921091483
0.0675675675676 0.00241921091483
0.0675105485232 0.00241921091483
0.0674846625767 0.00241921091483
0.0674157303371 0.00241921091483
0.0673575129534 0.00241921091483
0.0673076923077 0.00241921091483
0.0672268907563 0.00241933489702
0.0671140939597 0.00241933489702
0.0670731707317 0.00241933489702
0.0670391061453 0.00241933489702
0.0670103092784 0.00241933489702
0.0669456066946 0.00241933489702
0.0666666666667 0.00241933489702
0.0663265306122 0.00211886492403
0.0662983425414 0.00211886492403
0.066265060241 0.00211886492403
0.0662251655629 0.00211886492403
0.0661764705882 0.00211886492403
0.0661157024793 0.00211886492403
0.0660377358491 0.00211886492403
0.0659340659341 0.00211886492403
0.0658436213992 0.00211898897692
0.0657894736842 0.00211911303633
0.0657276995305 0.00211911303633
0.0656934306569 0.00211911303633
0.0656565656566 0.00211923710228
0.0655737704918 0.00211923710228
0.0654761904762 0.00211923710228
0.0654205607477 0.00211923710228
0.0653594771242 0.00211923710228
0.0653266331658 0.00211923710228
0.0652173913043 0.00211923710228
0.0650887573964 0.0021197334314
0.0650406504065 0.0021197334314
0.0649350649351 0.0021197334314
0.0648648648649 0.0021197334314
0.0648148148148 0.0021197334314
0.0647482014388 0.0021197334314
0.0647058823529 0.0021197334314
0.0645161290323 0.0021197334314
0.0643564356436 0.00212209242201
0.0643274853801 0.00212209242201
0.0642857142857 0.00212209242201
0.0642201834862 0.00212209242201
0.0641891891892 0.00212209242201
0.0641025641026 0.00212221664473
0.064 0.00212246510977
0.0639534883721 0.00212246510977
0.063829787234 0.00212246510977
0.0637450199203 0.00212345923122
0.0636942675159 0.00212345923122
0.063670411985 0.00212345923122
0.0636363636364 0.00212345923122
0.0635838150289 0.00212345923122
0.0634920634921 0.00212345923122
0.0633802816901 0.00212445377073
0.0633484162896 0.00212445377073
0.0632911392405 0.00212445377073
0.0632183908046 0.00212445377073
0.0631970260223 0.00212445377073
0.0631578947368 0.00212445377073
0.0631067961165 0.00212293004956
0.0630630630631 0.00212293004956
0.0629921259843 0.00212293004956
0.0629370629371 0.00212293004956
0.062893081761 0.00212293004956
0.0628272251309 0.00212293004956
0.0627615062762 0.00212293004956
0.0625 0.00212293004956
0.0622406639004 0.00169781236651
0.0622222222222 0.00169781236651
0.0622009569378 0.00169781236651
0.0621761658031 0.00169781236651
0.0621468926554 0.00169781236651
0.0621118012422 0.00169781236651
0.0620689655172 0.00169781236651
0.062015503876 0.00169781236651
0.0619469026549 0.00169781236651
0.0618556701031 0.00169781236651
0.061797752809 0.00169781236651
0.0617283950617 0.00169781236651
0.0616740088106 0.00169781236651
0.0616438356164 0.00169781236651
0.0615384615385 0.00169781236651
0.0614525139665 0.0016980579479
0.0614035087719 0.0016980579479
0.0613496932515 0.00169830355482
0.0612244897959 0.00169830355482
0.061135371179 0.00169902138453
0.0610687022901 0.00169902138453
0.0610328638498 0.00169902138453
0.0609756097561 0.00169902138453
0.0608695652174 0.00169902138453
0.0608108108108 0.00169902138453
0.060773480663 0.00169902138453
0.0607476635514 0.00169902138453
0.0606060606061 0.00169902138453
0.0604395604396 0.00170221695986
0.0604026845638 0.00170221695986
0.0603448275862 0.00170233995272
0.0603015075377 0.00170233995272
0.0602409638554 0.00170233995272
0.0601851851852 0.00170233995272
0.0601503759398 0.00170233995272
0.0600858369099 0.00170233995272
0.06 0.00170233995272
0.0599078341014 0.00170344717556
0.059880239521 0.00170357023222
0.0598290598291 0.00170357023222
0.0597826086957 0.00170357023222
0.0597014925373 0.00170357023222
0.0596026490066 0.00170638130384
0.0595238095238 0.00170638130384
0.0594795539033 0.00170638130384
0.0594594594595 0.00170638130384
0.0594059405941 0.00170638130384
0.0593607305936 0.00170650434897
0.0593220338983 0.00170650434897
0.0592592592593 0.00170650434897
0.0592105263158 0.00170650434897
0.0591715976331 0.00170650434897
0.0591397849462 0.00170650434897
0.0591133004926 0.00170650434897
0.0590909090909 0.00170650434897
0.0590551181102 0.00170650434897
0.0588235294118 0.00170650434897
0.0585365853659 0.00162361556824
0.0585106382979 0.00162361556824
0.0584795321637 0.00162361556824
0.0584415584416 0.00162361556824
0.0583941605839 0.00162361556824
0.0583333333333 0.00162361556824
0.0582959641256 0.00162361556824
0.0582524271845 0.00162361556824
0.0582010582011 0.00162361556824
0.0581395348837 0.00162361556824
0.0580912863071 0.00162361556824
0.058064516129 0.00162361556824
0.0580357142857 0.00162361556824
0.0579710144928 0.00162361556824
0.0579150579151 0.00162530660644
0.0578947368421 0.00162530660644
0.0578512396694 0.00162530660644
0.0578034682081 0.00162530660644
0.0576923076923 0.00162530660644
0.0575916230366 0.00162542882444
0.0575539568345 0.00162542882444
0.0574712643678 0.00162542882444
0.0574162679426 0.00162542882444
0.0573770491803 0.00162542882444
0.0573248407643 0.00162555104872
0.0572916666667 0.00162555104872
0.0571428571429 0.00162555104872
0.0570342205323 0.00162714053527
0.0570175438596 0.00162714053527
0.0569948186528 0.00162714053527
0.0569620253165 0.00162714053527
0.0569105691057 0.00162714053527
0.0568181818182 0.00162714053527
0.0567375886525 0.00162714053527
0.0567010309278 0.00162714053527
0.0566037735849 0.00162714053527
0.0564971751412 0.00162799685182
0.0564516129032 0.00162799685182
0.0564102564103 0.00162799685182
0.056338028169 0.00162799685182
0.05625 0.00162824157016
0.0562248995984 0.00162824157016
0.0561797752809 0.00162824157016
0.0561403508772 0.00162824157016
0.0560747663551 0.00162824157016
0.056 0.00162824157016
0.0559440559441 0.00162824157016
0.055900621118 0.00162824157016
0.0558659217877 0.00162824157016
0.0558375634518 0.00162824157016
0.0558139534884 0.00162824157016
0.0555555555556 0.00162824157016
0.0553191489362 0.00163116478076
0.0552763819095 0.00163116478076
0.0552147239264 0.00163116478076
0.0551724137931 0.00163116478076
0.0551181102362 0.00163116478076
0.0550458715596 0.00163116478076
0.055 0.00163116478076
0.0549450549451 0.00163116478076
0.0548523206751 0.00163116478076
0.0547945205479 0.00163116478076
0.0546875 0.0016312870229
0.0546448087432 0.0016312870229
0.0545454545455 0.0016312870229
0.0544554455446 0.0016315315259
0.054347826087 0.0016315315259
0.0542986425339 0.0016315315259
0.0542635658915 0.0016315315259
0.0542168674699 0.0016315315259
0.0541871921182 0.0016315315259
0.0541666666667 0.0016315315259
0.0540540540541 0.0016315315259
0.0539215686275 0.00161067996816
0.0538922155689 0.00161067996816
0.0538461538462 0.00161067996816
0.0537634408602 0.00161067996816
0.0537190082645 0.00161067996816
0.0536912751678 0.00161067996816
0.0535714285714 0.00161067996816
0.0534759358289 0.00161080212655
0.0534351145038 0.00161080212655
0.0533980582524 0.00161080212655
0.0533333333333 0.00161080212655
0.0532786885246 0.00161080212655
0.0532544378698 0.00161080212655
0.0531914893617 0.00161080212655
0.0531400966184 0.00161080212655
0.0530973451327 0.00161080212655
0.0530303030303 0.00161080212655
0.0529801324503 0.00161080212655
0.0529411764706 0.00161080212655
0.0529100529101 0.00161080212655
0.0528846153846 0.00161080212655
0.0528634361233 0.00161080212655
0.0528301886792 0.00161080212655
0.0526315789474 0.00161080212655
0.0524344569288 0.00158298442585
0.0524017467249 0.00158298442585
0.052380952381 0.00158298442585
0.0523560209424 0.00158298442585
0.0523255813953 0.00158298442585
0.0522875816993 0.00158298442585
0.0522388059701 0.00158298442585
0.0521739130435 0.00158298442585
0.0521327014218 0.00158298442585
0.0520833333333 0.00158298442585
0.0520231213873 0.00158298442585
0.052 0.00158298442585
0.0519480519481 0.00158298442585
0.0518867924528 0.00158298442585
0.0518518518519 0.00158298442585
0.0518134715026 0.00158298442585
0.051724137931 0.00158298442585
0.0516431924883 0.00158322799068
0.0516129032258 0.00158322799068
0.0515463917526 0.00158322799068
0.0514705882353 0.0015833497824
0.0514285714286 0.0015833497824
0.0513833992095 0.0015833497824
0.0512820512821 0.0015833497824
0.0511627906977 0.00158395883406
0.0511363636364 0.00158395883406
0.0510948905109 0.00158395883406
0.0510638297872 0.00158395883406
0.0510204081633 0.00158395883406
0.0509554140127 0.00158395883406
0.0509090909091 0.00158395883406
0.0508474576271 0.00158395883406
0.0507614213198 0.00158279231773
0.0507246376812 0.00158279231773
0.0506329113924 0.00158279231773
0.0505836575875 0.00158279231773
0.0505617977528 0.00158279231773
0.0505050505051 0.00158279231773
0.0504201680672 0.00158279231773
0.0503597122302 0.00158279231773
0.0503144654088 0.00158279231773
0.0502793296089 0.00158279231773
0.0502512562814 0.00158279231773
0.0502283105023 0.00158303545323
0.05 0.00158303545323
0.0497925311203 0.00158467306213
0.0497737556561 0.00158467306213
0.0497512437811 0.00158467306213
0.0497237569061 0.00158467306213
0.0496894409938 0.00158467306213
0.0496453900709 0.00158467306213
0.0495867768595 0.00158467306213
0.0495495495495 0.00158467306213
0.049504950495 0.00158467306213
0.0494505494505 0.00158467306213
0.0494296577947 0.00158467306213
0.0493827160494 0.00158467306213
0.0493273542601 0.00158479465421
0.0492957746479 0.00158479465421
0.0491803278689 0.00158479465421
0.0490797546012 0.00158503785691
0.0490196078431 0.00158503785691
0.048951048951 0.00158503785691
0.0489130434783 0.00158503785691
0.0487804878049 0.00158503785691
0.0486486486486 0.00158552433642
0.0486111111111 0.00158552433642
0.0485829959514 0.00158552433642
0.0485436893204 0.00158552433642
0.0485074626866 0.00158552433642
0.0484848484848 0.00158552433642
0.0484581497797 0.00158552433642
0.0483870967742 0.00158564597174
0.048309178744 0.00158588926091
0.048275862069 0.00158588926091
0.0481927710843 0.00158588926091
0.048128342246 0.00158588926091
0.0480769230769 0.00158588926091
0.048 0.00158588926091
0.0479452054795 0.00158588926091
0.0479041916168 0.00158588926091
0.0478723404255 0.00158588926091
0.0478468899522 0.00158588926091
0.0477707006369 0.00158588926091
0.0477611940299 0.00158588926091
0.047619047619 0.00158588926091
0.0473933649289 0.00150023875808
0.0473684210526 0.00150023875808
0.0473372781065 0.00150023875808
0.0472972972973 0.00150023875808
0.0472440944882 0.00150023875808
0.0472103004292 0.00150023875808
0.0471698113208 0.00150023875808
0.0471204188482 0.00150023875808
0.0470588235294 0.00150023875808
0.0469798657718 0.00150023875808
0.0469483568075 0.00150023875808
0.046875 0.00150023875808
0.046783625731 0.00150023875808
0.0467289719626 0.00150023875808
0.0466666666667 0.00150023875808
0.0466321243523 0.00150023875808
0.046511627907 0.00150023875808
0.0463917525773 0.00150048178618
0.046357615894 0.00150048178618
0.046332046332 0.00150048178618
0.0462962962963 0.00150048178618
0.0462427745665 0.00150048178618
0.0461538461538 0.00150048178618
0.0460526315789 0.00150048178618
0.0459770114943 0.00150048178618
0.0459183673469 0.00150048178618
0.045871559633 0.00150048178618
0.0458015267176 0.00150048178618
0.0457516339869 0.00150048178618
0.0457142857143 0.00150048178618
0.0456852791878 0.00150048178618
0.0456621004566 0.00150048178618
0.045643153527 0.00150048178618
0.0454545454545 0.00150048178618
0.0452674897119 0.00150124437762
0.0452488687783 0.00150124437762
0.0452261306533 0.00150124437762
0.045197740113 0.00150124437762
0.0451612903226 0.00150124437762
0.0451127819549 0.00150124437762
0.045045045045 0.00150124437762
0.045 0.00150124437762
0.0449438202247 0.00150124437762
0.0448979591837 0.00150124437762
0.0448717948718 0.00150124437762
0.0448275862069 0.00150124437762
0.044776119403 0.00150124437762
0.0447284345048 0.00150124437762
0.0447154471545 0.00150124437762
0.0446927374302 0.00150124437762
0.0446428571429 0.00150124437762
0.0445859872611 0.00150124437762
0.0445544554455 0.00150124437762
0.0444444444444 0.00150124437762
0.0443548387097 0.00150148732633
0.0443349753695 0.00150148732633
0.0443037974684 0.00150148732633
0.0442477876106 0.00150148732633
0.0441988950276 0.00150148732633
0.0441176470588 0.00150148732633
0.0440528634361 0.00150148732633
0.0440251572327 0.00150148732633
0.043956043956 0.00150148732633
0.0439024390244 0.00150148732633
0.0438596491228 0.00150148732633
0.043795620438 0.00150148732633
0.04375 0.00150148732633
0.0437158469945 0.00150148732633
0.0436893203883 0.00150148732633
0.0436681222707 0.00150148732633
0.0434782608696 0.00150148732633
0.043321299639 0.00150018552231
0.0433070866142 0.00150018552231
0.04329004329 0.00150018552231
0.0432692307692 0.00150018552231
0.0432432432432 0.00150018552231
0.0432098765432 0.00150018552231
0.0431654676259 0.00150018552231
0.0431034482759 0.00150018552231
0.0430622009569 0.00150018552231
0.0430107526882 0.00150018552231
0.04296875 0.00150018552231
0.0429447852761 0.00150018552231
0.0428571428571 0.00150018552231
0.0427807486631 0.00150030684944
0.042735042735 0.00150030684944
0.0426829268293 0.00150030684944
0.042654028436 0.00150030684944
0.0426229508197 0.00150030684944
0.0425531914894 0.00150030684944
0.0424242424242 0.00150030684944
0.0423728813559 0.00150030684944
0.042328042328 0.00150030684944
0.0422535211268 0.00150030684944
0.042194092827 0.00150030684944
0.0421686746988 0.00150030684944
0.0421052631579 0.00150030684944
0.0420560747664 0.00150030684944
0.0420168067227 0.00150030684944
0.0419847328244 0.00150030684944
0.041958041958 0.00150030684944
0.0419161676647 0.00150030684944
0.0418848167539 0.00150030684944
0.0418604651163 0.00150030684944
0.0418410041841 0.00150030684944
0.0416666666667 0.00150030684944
0.0414937759336 0.00149855813369
0.0414746543779 0.00149855813369
0.0414507772021 0.00149855813369
0.0414201183432 0.00149855813369
0.0413793103448 0.00149855813369
0.0413223140496 0.00149855813369
0.0412844036697 0.00149855813369
0.0412371134021 0.00149855813369
0.0411985018727 0.00149855813369
0.0411764705882 0.00149855813369
0.0411522633745 0.00149855813369
0.041095890411 0.00149855813369
0.0410256410256 0.00149855813369
0.0409836065574 0.00149855813369
0.0409356725146 0.00149855813369
0.0409090909091 0.00149855813369
0.0408163265306 0.00149855813369
0.0407239819005 0.0014986791979
0.0406976744186 0.0014986791979
0.0406504065041 0.0014986791979
0.0406091370558 0.0014986791979
0.0405904059041 0.0014986791979
0.0405405405405 0.0014986791979
0.0404858299595 0.0014986791979
0.0404624277457 0.0014986791979
0.040404040404 0.0014986791979
0.0403225806452 0.0014986791979
0.0402684563758 0.0014986791979
0.0402298850575 0.0014986791979
0.0402010050251 0.0014986791979
0.0401785714286 0.0014986791979
0.04 0.0014986791979
0.0398009950249 0.00149788891509
0.0397727272727 0.00149788891509
0.0397350993377 0.00149788891509
0.0396825396825 0.00149788891509
0.039603960396 0.00149788891509
0.0395480225989 0.00149788891509
0.0394736842105 0.00149788891509
0.0394088669951 0.00149788891509
0.0393700787402 0.00149788891509
0.0393258426966 0.00149788891509
0.0393013100437 0.00149788891509
0.0392156862745 0.00149788891509
0.0391459074733 0.00149800987792
0.0391304347826 0.00149800987792
0.0391061452514 0.00149800987792
0.0390625 0.00149800987792
0.0390243902439 0.00149800987792
0.0390070921986 0.00149800987792
0.038961038961 0.00149800987792
0.0388888888889 0.00149800987792
0.0388349514563 0.00149800987792
0.0387931034483 0.00149800987792
0.0387596899225 0.00149800987792
0.0387096774194 0.00149800987792
0.0386740331492 0.00149800987792
0.0386473429952 0.00149800987792
0.0386266094421 0.00149800987792
0.0384615384615 0.00149800987792
0.0382978723404 0.0014972206297
0.0382775119617 0.0014972206297
0.0382513661202 0.0014972206297
0.0382165605096 0.0014972206297
0.0381679389313 0.0014972206297
0.0380952380952 0.0014972206297
0.0380434782609 0.0014972206297
0.0379746835443 0.0014972206297
0.0379146919431 0.0014972206297
0.0378787878788 0.0014972206297
0.0378378378378 0.0014972206297
0.0377358490566 0.0014972206297
0.0376569037657 0.0014972206297
0.0376344086022 0.0014972206297
0.0375939849624 0.0014972206297
0.0375 0.0014972206297
0.0374331550802 0.0014972206297
0.0374149659864 0.0014972206297
0.0373831775701 0.0014972206297
0.0373443983402 0.0014972206297
0.0373134328358 0.0014972206297
0.0372881355932 0.0014972206297
0.0372670807453 0.0014972206297
0.0372340425532 0.0014972206297
0.0371900826446 0.0014972206297
0.0371747211896 0.0014972206297
0.037037037037 0.0014972206297
0.0368852459016 0.00149756199062
0.036866359447 0.00149756199062
0.0368421052632 0.00149756199062
0.0368271954674 0.00149756199062
0.0368098159509 0.00149756199062
0.0367647058824 0.00149756199062
0.0367346938776 0.00149756199062
0.0366972477064 0.00149756199062
0.0366492146597 0.00149756199062
0.0365853658537 0.00149756199062
0.0365296803653 0.00149756199062
0.036496350365 0.00149756199062
0.0364583333333 0.00149756199062
0.0363636363636 0.00149756199062
0.0362694300518 0.00149756199062
0.036231884058 0.00149756199062
0.0361990950226 0.00149756199062
0.0361842105263 0.00149756199062
0.0361445783133 0.00149756199062
0.036036036036 0.00149756199062
0.036 0.00149756199062
0.0359712230216 0.00149756199062
0.0359281437126 0.00149756199062
0.0358974358974 0.00149756199062
0.0358744394619 0.00149756199062
0.0358565737052 0.00149756199062
0.0357142857143 0.00149756199062
0.0355731225296 0.00149512153356
0.0355555555556 0.00149512153356
0.0355329949239 0.00149512153356
0.0355029585799 0.00149512153356
0.0354609929078 0.00149512153356
0.0354330708661 0.00149512153356
0.0353982300885 0.00149512153356
0.0353535353535 0.00149512153356
0.0352941176471 0.00149512153356
0.0352422907489 0.00149512153356
0.0352112676056 0.00149512153356
0.035175879397 0.00149512153356
0.0350877192982 0.00149512153356
0.035 0.00149524210966
0.034965034965 0.00149524210966
0.0349206349206 0.00149524210966
0.0348837209302 0.00149524210966
0.0348258706468 0.00149524210966
0.0347826086957 0.00149524210966
0.0347222222222 0.00149524210966
0.0346820809249 0.00149524210966
0.0346534653465 0.00149524210966
0.034632034632 0.00149524210966
0.0344827586207 0.00149524210966
0.0343347639485 0.00149498025471
0.0343137254902 0.00149498025471
0.0342857142857 0.00149498025471
0.0342465753425 0.00149498025471
0.034188034188 0.00149498025471
0.0341463414634 0.00149498025471
0.0341296928328 0.00149498025471
0.0340909090909 0.00149498025471
0.0340136054422 0.00149498025471
0.0339805825243 0.00149498025471
0.0339622641509 0.00149498025471
0.0338983050847 0.00149498025471
0.0337837837838 0.0014951008013
0.0337552742616 0.0014951008013
0.0337078651685 0.0014951008013
0.0336538461538 0.0014951008013
0.0336134453782 0.0014951008013
0.0335820895522 0.0014951008013
0.0335570469799 0.0014951008013
0.0335195530726 0.0014951008013
0.0334928229665 0.0014951008013
0.0334728033473 0.0014951008013
0.0333333333333 0.0014951008013
0.0331753554502 0.00149369330239
0.0331491712707 0.00149369330239
0.0331125827815 0.00149369330239
0.0330578512397 0.00149369330239
0.032967032967 0.00149369330239
0.0328947368421 0.00149369330239
0.0327868852459 0.00149369330239
0.0327102803738 0.00149369330239
0.0326797385621 0.00149369330239
0.0326086956522 0.00149369330239
0.0325581395349 0.00149369330239
0.0325203252033 0.00149369330239
0.0324909747292 0.00149369330239
0.0324675324675 0.00149369330239
0.0324324324324 0.00149369330239
0.0324074074074 0.00149369330239
0.0323741007194 0.00149369330239
0.0322580645161 0.00149369330239
0.0321100917431 0.00149369330239
0.0320855614973 0.00149369330239
0.0320512820513 0.00149369330239
0.032 0.00149369330239
0.0319634703196 0.00149369330239
0.031914893617 0.00149369330239
0.0318725099602 0.00149369330239
0.031847133758 0.00149369330239
0.0318181818182 0.00149369330239
0.031746031746 0.00149369330239
0.0316742081448 0.00149369330239
0.0316455696203 0.00149369330239
0.0315789473684 0.00149369330239
0.0315315315315 0.00149369330239
0.0314960629921 0.00149369330239
0.0314685314685 0.00149369330239
0.0314465408805 0.00149369330239
0.0314136125654 0.00149369330239
0.0313901345291 0.00149369330239
0.0313725490196 0.00149369330239
0.03125 0.00149369330239
0.0311111111111 0.00149190798021
0.0310880829016 0.00149190798021
0.0310559006211 0.00149190798021
0.031007751938 0.00149190798021
0.0309734513274 0.00149190798021
0.0309278350515 0.00149190798021
0.030888030888 0.00149190798021
0.0308641975309 0.00149190798021
0.0308370044053 0.00149190798021
0.0307692307692 0.00149190798021
0.030701754386 0.00149190798021
0.0306748466258 0.00149190798021
0.0306513409962 0.00149190798021
0.030612244898 0.00149190798021
0.0305676855895 0.00149190798021
0.030534351145 0.00149190798021
0.030487804878 0.00149190798021
0.0304568527919 0.00149190798021
0.0304347826087 0.00149190798021
0.030303030303 0.00149190798021
0.0301724137931 0.00149190798021
0.0301507537688 0.00149190798021
0.0301204819277 0.00149190798021
0.0300751879699 0.00149190798021
0.0300429184549 0.00149190798021
0.03 0.00149190798021
0.0299401197605 0.00149190798021
0.0299145299145 0.00149190798021
0.0298507462687 0.00149190798021
0.0297872340426 0.00149190798021
0.0297619047619 0.00149190798021
0.0297397769517 0.00149190798021
0.029702970297 0.00149190798021
0.0296296296296 0.00149190798021
0.0295857988166 0.00149190798021
0.0295566502463 0.00149190798021
0.029520295203 0.00149190798021
0.0294117647059 0.00149190798021
0.0292887029289 0.00149114710886
0.0292682926829 0.00149114710886
0.0292397660819 0.00149114710886
0.029197080292 0.00149114710886
0.0291262135922 0.00149114710886
0.0290697674419 0.00149114710886
0.0290456431535 0.00149114710886
0.0289855072464 0.00149114710886
0.0289473684211 0.00149114710886
0.0289256198347 0.00149114710886
0.028901734104 0.00149114710886
0.0288461538462 0.00149114710886
0.0288065843621 0.00149114710886
0.0287769784173 0.00149114710886
0.0287356321839 0.00149114710886
0.0287081339713 0.00149114710886
0.0286738351254 0.00149114710886
0.0285714285714 0.00149114710886
0.0284552845528 0.00149038704399
0.0284360189573 0.00149038704399
0.0284090909091 0.00149038704399
0.0283687943262 0.00149038704399
0.0283018867925 0.00149038704399
0.0282485875706 0.00149038704399
0.0282258064516 0.00149038704399
0.0281690140845 0.00149038704399
0.0281124497992 0.00149038704399
0.0280898876404 0.00149038704399
0.0280373831776 0.00149038704399
0.028 0.00149038704399
0.027972027972 0.00149038704399
0.0279329608939 0.00149038704399
0.0279069767442 0.00149038704399
0.0277777777778 0.00149038704399
0.0276679841897 0.0014893683569
0.0276243093923 0.0014893683569
0.0275862068966 0.0014893683569
0.0275229357798 0.0014893683569
0.0274725274725 0.0014893683569
0.027397260274 0.0014893683569
0.0273224043716 0.0014893683569
0.0272727272727 0.0014893683569
0.0272108843537 0.0014893683569
0.0271739130435 0.0014893683569
0.027149321267 0.0014893683569
0.0271317829457 0.0014893683569
0.027027027027 0.0014893683569
0.0269230769231 0.0014893683569
0.0269058295964 0.0014893683569
0.0268817204301 0.0014893683569
0.0268456375839 0.0014893683569
0.0267857142857 0.0014893683569
0.0267558528428 0.0014893683569
0.0267379679144 0.0014893683569
0.0267175572519 0.0014893683569
0.0266666666667 0.0014893683569
0.0265957446809 0.0014893683569
0.0265486725664 0.0014893683569
0.0264900662252 0.0014893683569
0.026455026455 0.0014893683569
0.0264317180617 0.0014893683569
0.0263157894737 0.0014893683569
0.0261780104712 0.00148960817633
0.0261437908497 0.00148960817633
0.0260869565217 0.00148960817633
0.0260416666667 0.00148972809513
0.025974025974 0.00148972809513
0.0259067357513 0.00148972809513
0.0258899676375 0.00148972809513
0.0258620689655 0.00148972809513
0.0258302583026 0.00148972809513
0.0258064516129 0.00148972809513
0.0257731958763 0.00148972809513
0.0257510729614 0.00148972809513
0.0257352941176 0.00148972809513
0.025641025641 0.00148972809513
0.0255474452555 0.00148972809513
0.0255319148936 0.00148972809513
0.0255102040816 0.00148972809513
0.0254777070064 0.00148972809513
0.0254237288136 0.00148972809513
0.0253968253968 0.00148972809513
0.0253807106599 0.00148972809513
0.0253164556962 0.00148972809513
0.0252525252525 0.00148972809513
0.0252365930599 0.00148972809513
0.0252100840336 0.00148972809513
0.0251798561151 0.00148972809513
0.0251572327044 0.00148972809513
0.0251256281407 0.00148972809513
0.0251046025105 0.00148972809513
0.0250896057348 0.00148972809513
0.025 0.00148972809513
0.0248962655602 0.0014887106207
0.0248756218905 0.0014887106207
0.0248447204969 0.0014887106207
0.0247933884298 0.0014887106207
0.0247524752475 0.0014887106207
0.0247349823322 0.0014887106207
0.0246913580247 0.0014887106207
0.0246305418719 0.0014887106207
0.0245901639344 0.0014887106207
0.0245614035088 0.0014887106207
0.0245398773006 0.0014887106207
0.0245098039216 0.0014887106207
0.0243902439024 0.0014887106207
0.0242914979757 0.00148681896467
0.0242718446602 0.00148681896467
0.0242424242424 0.00148681896467
0.0241935483871 0.00148681896467
0.024154589372 0.00148681896467
0.0240963855422 0.00148681896467
0.0240384615385 0.00148681896467
0.024 0.00148681896467
0.0239520958084 0.00148681896467
0.0239234449761 0.00148681896467
0.0238907849829 0.00148681896467
0.0238095238095 0.00148681896467
0.0236686390533 0.00148693856553
0.0236220472441 0.00148693856553
0.0235849056604 0.00148693856553
0.0235294117647 0.00148693856553
0.0234741784038 0.00148693856553
0.0234375 0.00148693856553
0.0233918128655 0.00148693856553
0.0233644859813 0.00148693856553
0.0233463035019 0.00148693856553
0.0233236151603 0.00148693856553
0.0232558139535 0.00148693856553
0.023166023166 0.00148580584781
0.0231481481481 0.00148580584781
0.0231213872832 0.00148580584781
0.0230769230769 0.00148580584781
0.0230414746544 0.00148580584781
0.0229885057471 0.00148580584781
0.0229357798165 0.00148580584781
0.0229007633588 0.00148580584781
0.0228571428571 0.00148580584781
0.0228310502283 0.00148580584781
0.0227272727273 0.00148580584781
0.0226244343891 0.0014859253313
0.0225988700565 0.0014859253313
0.0225563909774 0.0014859253313
0.0225225225225 0.0014859253313
0.0225080385852 0.0014859253313
0.0224719101124 0.0014859253313
0.0224215246637 0.0014859253313
0.0223880597015 0.0014859253313
0.0223463687151 0.0014859253313
0.0223214285714 0.0014859253313
0.0222929936306 0.0014859253313
0.0222222222222 0.0014859253313
0.0221238938053 0.0014855481167
0.0220994475138 0.0014855481167
0.0220588235294 0.0014855481167
0.0220264317181 0.0014855481167
0.021978021978 0.0014855481167
0.021897810219 0.0014855481167
0.0218579234973 0.0014855481167
0.0218340611354 0.0014855481167
0.0217391304348 0.0014855481167
0.0216606498195 0.00148517110141
0.0216216216216 0.00148517110141
0.0215827338129 0.00148517110141
0.0215517241379 0.00148517110141
0.0215053763441 0.00148517110141
0.0214592274678 0.00148517110141
0.0214285714286 0.00148517110141
0.0213903743316 0.00148517110141
0.0213675213675 0.00148517110141
0.0212765957447 0.00148517110141
0.0212121212121 0.00148529050876
0.021186440678 0.00148529050876
0.021164021164 0.00148529050876
0.0211267605634 0.00148529050876
0.0210970464135 0.00148529050876
0.0210526315789 0.00148529050876
0.0210084033613 0.00148529050876
0.020979020979 0.00148529050876
0.020942408377 0.00148529050876
0.0209205020921 0.00148529050876
0.0208333333333 0.00148529050876
0.0207468879668 0.00148529050876
0.020725388601 0.00148529050876
0.0206896551724 0.00148529050876
0.0206611570248 0.00148529050876
0.020618556701 0.00148529050876
0.0205761316872 0.00148529050876
0.0205479452055 0.00148529050876
0.0205128205128 0.00148529050876
0.0204918032787 0.00148529050876
0.0204081632653 0.00148529050876
0.020325203252 0.00148529050876
0.0203045685279 0.00148529050876
0.0202702702703 0.00148529050876
0.0202429149798 0.00148529050876
0.020202020202 0.00148529050876
0.0201612903226 0.00148529050876
0.0201342281879 0.00148529050876
0.0201005025126 0.00148529050876
0.02 0.00148529050876
0.0199203187251 0.0014849136516
0.0199004975124 0.0014849136516
0.0198675496689 0.0014849136516
0.019801980198 0.0014849136516
0.0197628458498 0.0014849136516
0.0197368421053 0.0014849136516
0.0197044334975 0.0014849136516
0.0196850393701 0.0014849136516
0.0196078431373 0.0014849136516
0.0195439739414 0.0014849136516
0.019512195122 0.0014849136516
0.0194805194805 0.0014849136516
0.0194174757282 0.0014849136516
0.0193798449612 0.0014849136516
0.0193548387097 0.0014849136516
0.0193236714976 0.0014849136516
0.019305019305 0.0014849136516
0.0192307692308 0.0014849136516
0.0191387559809 0.0014849136516
0.0191082802548 0.0014849136516
0.0190839694656 0.0014849136516
0.0190476190476 0.0014849136516
0.0190114068441 0.0014849136516
0.0189873417722 0.0014849136516
0.0189573459716 0.0014849136516
0.0188679245283 0.0014849136516
0.018779342723 0.0014849136516
0.01875 0.0014849136516
0.0187265917603 0.0014849136516
0.018691588785 0.0014849136516
0.0186567164179 0.0014849136516
0.0186335403727 0.0014849136516
0.0186046511628 0.0014849136516
0.0185185185185 0.0014849136516
0.0184331797235 0.0014849136516
0.0184049079755 0.0014849136516
0.0183486238532 0.0014849136516
0.018315018315 0.0014849136516
0.0182926829268 0.0014849136516
0.0182648401826 0.0014849136516
0.0181818181818 0.0014849136516
0.0180995475113 0.00148453699349
0.0180722891566 0.00148453699349
0.018018018018 0.00148453699349
0.0179640718563 0.00148453699349
0.0179372197309 0.00148453699349
0.0178571428571 0.00148453699349
0.0177777777778 0.00148453699349
0.0177514792899 0.00148453699349
0.0176991150442 0.00148453699349
0.0176470588235 0.00148453699349
0.0176211453744 0.00148453699349
0.0176056338028 0.00148453699349
0.0175953079179 0.00148453699349
0.0175438596491 0.00148453699349
0.0174672489083 0.00148416053428
0.0174418604651 0.00148416053428
0.0174216027875 0.00148416053428
0.0173913043478 0.00148416053428
0.0173410404624 0.00148416053428
0.017316017316 0.00148416053428
0.0172413793103 0.00148416053428
0.0171673819742 0.00148416053428
0.0171428571429 0.00148416053428
0.017094017094 0.00148416053428
0.0170648464164 0.00148416053428
0.0170454545455 0.00148416053428
0.0170212765957 0.00148416053428
0.0169491525424 0.00148416053428
0.0168776371308 0.00148416053428
0.0168539325843 0.00148416053428
0.0168067226891 0.00148416053428
0.0167597765363 0.00148416053428
0.0167364016736 0.00148416053428
0.0167224080268 0.00148416053428
0.0166666666667 0.00148416053428
0.0165975103734 0.00148378427384
0.0165745856354 0.00148378427384
0.0165289256198 0.00148378427384
0.0164835164835 0.00148378427384
0.0164609053498 0.00148378427384
0.0164473684211 0.00148378427384
0.016393442623 0.00148378427384
0.0163265306122 0.00148378427384
0.0163043478261 0.00148378427384
0.0162601626016 0.00148378427384
0.0162162162162 0.00148378427384
0.0161943319838 0.00148378427384
0.0161725067385 0.00148378427384
0.0161290322581 0.00148378427384
0.0160427807487 0.00135044925571
0.016 0.00135044925571
0.0159574468085 0.00135044925571
0.0159362549801 0.00135044925571
0.015873015873 0.00135044925571
0.0158102766798 0.00135044925571
0.0157894736842 0.00135044925571
0.0157480314961 0.00135044925571
0.0157068062827 0.00135044925571
0.0156862745098 0.00135044925571
0.0156739811912 0.00135044925571
0.015625 0.00135044925571
0.0155440414508 0.00135044925571
0.015503875969 0.00135044925571
0.0154639175258 0.00135044925571
0.0153846153846 0.00135044925571
0.0153256704981 0.00135044925571
0.015306122449 0.00135044925571
0.0152671755725 0.00135044925571
0.0152284263959 0.00135044925571
0.0152091254753 0.00135044925571
0.0151515151515 0.00135044925571
0.0150753768844 0.00135044925571
0.015037593985 0.00135044925571
0.015 0.00135044925571
0.0149253731343 0.00135044925571
0.0148698884758 0.00135044925571
0.0148514851485 0.00135044925571
0.0148148148148 0.00135044925571
0.0147783251232 0.00135044925571
0.0147058823529 0.00135044925571
0.0146341463415 0.00135044925571
0.014598540146 0.00135044925571
0.0145631067961 0.00135044925571
0.0144927536232 0.00135044925571
0.0144230769231 0.00135044925571
0.0143884892086 0.00135044925571
0.0143540669856 0.00135044925571
0.0143369175627 0.00135044925571
0.0142857142857 0.00135044925571
0.0142180094787 0.00135044925571
0.0141843971631 0.00135044925571
0.0141509433962 0.00135044925571
0.0140845070423 0.00135044925571
0.0140186915888 0.00135044925571
0.013986013986 0.00135044925571
0.0139534883721 0.00135044925571
0.0138888888889 0.00135044925571
0.0138248847926 0.00135044925571
0.0137931034483 0.00135044925571
0.0137614678899 0.00135044925571
0.013698630137 0.00135044925571
0.0136363636364 0.00135007354978
0.0136054421769 0.00135007354978
0.0135746606335 0.00135007354978
0.0135135135135 0.00135007354978
0.0134529147982 0.00135007354978
0.0134228187919 0.00135007354978
0.0133928571429 0.00135007354978
0.0133779264214 0.00135007354978
0.0133333333333 0.00135007354978
0.0132743362832 0.00135007354978
0.0132450331126 0.00135007354978
0.0132158590308 0.00135007354978
0.0131578947368 0.00135007354978
0.0131004366812 0.00134969804206
0.0130718954248 0.00134969804206
0.0130434782609 0.00134969804206
0.012987012987 0.00134969804206
0.0129310344828 0.00134969804206
0.0129032258065 0.00134969804206
0.0128755364807 0.00134969804206
0.0128205128205 0.00134969804206
0.0127659574468 0.00134969804206
0.0127388535032 0.00134969804206
0.0127118644068 0.00134969804206
0.0126582278481 0.00134969804206
0.0126050420168 0.00134969804206
0.0125786163522 0.00134969804206
0.0125 0.00134969804206
0.0124481327801 0.00134969804206
0.0124223602484 0.00134969804206
0.0123966942149 0.00134969804206
0.0123456790123 0.00134969804206
0.0122950819672 0.00134969804206
0.0122699386503 0.00134969804206
0.0121951219512 0.00134969804206
0.0121457489879 0.00134969804206
0.0121212121212 0.00134969804206
0.0120967741935 0.00134969804206
0.0120481927711 0.00134969804206
0.0119760479042 0.00134969804206
0.0119521912351 0.00134969804206
0.0119047619048 0.00134969804206
0.0118577075099 0.0013489476207
0.0118343195266 0.0013489476207
0.0117647058824 0.0013489476207
0.01171875 0.0013489476207
0.0116959064327 0.0013489476207
0.0116279069767 0.0013489476207
0.0115606936416 0.0013489476207
0.0114942528736 0.0013489476207
0.0114503816794 0.0013489476207
0.0114285714286 0.0013489476207
0.0114068441065 0.0013489476207
0.0113636363636 0.0013489476207
0.0112994350282 0.0013489476207
0.0112359550562 0.0013489476207
0.0111731843575 0.0013489476207
0.0111111111111 0.0013489476207
0.0110701107011 0.0013489476207
0.0110497237569 0.0013489476207
0.010989010989 0.0013489476207
0.0109289617486 0.00134819799049
0.0108695652174 0.00134819799049
0.0108303249097 0.00134819799049
0.0108108108108 0.00134819799049
0.0107913669065 0.00134819799049
0.010752688172 0.00134819799049
0.0107142857143 0.00134819799049
0.0106951871658 0.00134819799049
0.0106382978723 0.00134819799049
0.010582010582 0.00134819799049
0.0105263157895 0.00134819799049
0.0104712041885 0.00134819799049
0.0104166666667 0.00134819799049
0.0103626943005 0.00134819799049
0.0103092783505 0.00134819799049
0.0102564102564 0.00134819799049
0.0102040816327 0.00134819799049
0.010152284264 0.00134819799049
0.010101010101 0.00134819799049
0.0100502512563 0.00134819799049
0.0100334448161 0.00134819799049
0.01 0.00134819799049
0.00995024875622 0.00134819799049
0.00990099009901 0.00134819799049
0.00985221674877 0.00134819799049
0.00980392156863 0.00134819799049
0.00975609756098 0.00134819799049
0.00970873786408 0.00134819799049
0.00966183574879 0.00134819799049
0.00961538461538 0.00134819799049
0.00956937799043 0.00134819799049
0.00952380952381 0.00134819799049
0.00947867298578 0.00134744915028
0.00943396226415 0.00134744915028
0.0093896713615 0.00121411760378
0.00934579439252 0.00121411760378
0.0093023255814 0.00121411760378
0.00925925925926 0.00121411760378
0.00921658986175 0.00121411760378
0.00917431192661 0.00121411760378
0.00913242009132 0.00121411760378
0.00911854103343 0.00121411760378
0.00909090909091 0.00121411760378
0.00904977375566 0.00121411760378
0.00900900900901 0.00121411760378
0.00896860986547 0.00121411760378
0.00892857142857 0.00121411760378
0.00888888888889 0.00121411760378
0.00884955752212 0.00121411760378
0.00881057268722 0.00121411760378
0.00877192982456 0.00121411760378
0.00873362445415 0.00121411760378
0.00869565217391 0.00121411760378
0.00865800865801 0.00121411760378
0.00862068965517 0.00121411760378
0.00858369098712 0.00121411760378
0.00854700854701 0.00121411760378
0.00851063829787 0.00121411760378
0.00847457627119 0.00121411760378
0.0084388185654 0.00121411760378
0.00840336134454 0.00121411760378
0.00836820083682 0.00121411760378
0.00833333333333 0.00121411760378
0.00829875518672 0.00121411760378
0.00826446280992 0.00121411760378
0.0082304526749 0.00121411760378
0.00819672131148 0.00121411760378
0.00816326530612 0.00121411760378
0.00813008130081 0.00121411760378
0.0080971659919 0.00121411760378
0.00806451612903 0.00121411760378
0.008 0.00121411760378
0.00796812749004 0.00121411760378
0.00793650793651 0.00121411760378
0.00790513833992 0.00121411760378
0.00787401574803 0.00121411760378
0.0078431372549 0.00121411760378
0.0078125 0.00121411760378
0.0077519379845 0.00121411760378
0.00772200772201 0.00121411760378
0.00769230769231 0.00121411760378
0.00766283524904 0.00121411760378
0.00763358778626 0.00121411760378
0.00760456273764 0.00121411760378
0.00757575757576 0.00121411760378
0.00751879699248 0.00121411760378
0.00749063670412 0.00121411760378
0.00746268656716 0.00121411760378
0.00740740740741 0.00121411760378
0.00735294117647 0.00121411760378
0.00729927007299 0.00121411760378
0.00724637681159 0.00121411760378
0.00719424460432 0.00121411760378
0.00714285714286 0.00121411760378
0.00709219858156 0.00121411760378
0.00704225352113 0.00121374383289
0.00699300699301 0.00121374383289
0.00694444444444 0.00121374383289
0.00689655172414 0.00121374383289
0.00684931506849 0.00121374383289
0.00680272108844 0.00121374383289
0.00675675675676 0.00121374383289
0.00671140939597 0.00121374383289
0.00666666666667 0.00121374383289
0.00662251655629 0.00121374383289
0.00657894736842 0.00121374383289
0.00653594771242 0.00121374383289
0.00649350649351 0.00121374383289
0.00645161290323 0.00121374383289
0.00641025641026 0.00121374383289
0.00636942675159 0.00121374383289
0.00632911392405 0.00121374383289
0.0062893081761 0.00121374383289
0.00625 0.00121374383289
0.00621118012422 0.00121374383289
0.00617283950617 0.00121374383289
0.00613496932515 0.00121374383289
0.00609756097561 0.00121374383289
0.00606060606061 0.00121374383289
0.00602409638554 0.00121374383289
0.0059880239521 0.00121374383289
0.00595238095238 0.00121374383289
0.00591715976331 0.00121374383289
0.00588235294118 0.00121374383289
0.00584795321637 0.00121374383289
0.00581395348837 0.00121374383289
0.00578034682081 0.00121374383289
0.00574712643678 0.00121374383289
0.00571428571429 0.00121374383289
0.00568181818182 0.00121374383289
0.00564971751412 0.00121374383289
0.00561797752809 0.00121374383289
0.00558659217877 0.00121337025881
0.00555555555556 0.00121337025881
0.00552486187845 0.00121337025881
0.00549450549451 0.00121337025881
0.00546448087432 0.00121337025881
0.0054347826087 0.00121337025881
0.00540540540541 0.00121337025881
0.00537634408602 0.00121337025881
0.00534759358289 0.00121337025881
0.00531914893617 0.00121337025881
0.00529100529101 0.00121337025881
0.00526315789474 0.00121337025881
0.00523560209424 0.00121337025881
0.00520833333333 0.00121337025881
0.00518134715026 0.00121337025881
0.00515463917526 0.00121337025881
0.00512820512821 0.00121337025881
0.00510204081633 0.00121337025881
0.00507614213198 0.00121337025881
0.00505050505051 0.00121337025881
0.00502512562814 0.00121337025881
0.005 0.00121337025881
0.00497512437811 0.00121337025881
0.0049504950495 0.00121337025881
0.00492610837438 0.00121337025881
0.00490196078431 0.00121337025881
0.00487804878049 0.00121337025881
0.00485436893204 0.00121337025881
0.0048309178744 0.00121337025881
0.00480769230769 0.00121337025881
0.00478468899522 0.00121337025881
0.0047619047619 0.00121337025881
0.00473933649289 0.00121337025881
0.00471698113208 0.00121337025881
0.00469483568075 0.00121337025881
0.00467289719626 0.00121337025881
0.0046511627907 0.00121337025881
0.00462962962963 0.00121337025881
0.00460829493088 0.00121337025881
0.0045871559633 0.00121337025881
0.00456621004566 0.00121337025881
0.00454545454545 0.00121337025881
0.00452488687783 0.00121337025881
0.0045045045045 0.00121337025881
0.00448430493274 0.00121337025881
0.00446428571429 0.00121337025881
0.00444444444444 0.00121337025881
0.00442477876106 0.00121337025881
0.00440528634361 0.00121337025881
0.00438596491228 0.00121337025881
0.00436681222707 0.00121337025881
0.00434782608696 0.00121337025881
0.004329004329 0.00121337025881
0.00431034482759 0.00121337025881
0.00429184549356 0.00121337025881
0.0042735042735 0.00121337025881
0.00425531914894 0.00121337025881
0.00423728813559 0.00121337025881
0.0042194092827 0.00121337025881
0.00420168067227 0.00121337025881
0.00418410041841 0.00121337025881
0.00416666666667 0.00121337025881
0.00413223140496 0.00121337025881
0.00411522633745 0.00121337025881
0.00409836065574 0.00121337025881
0.00408163265306 0.00121337025881
0.00406504065041 0.00121337025881
0.004 0.00121337025881
0.00396825396825 0.00121337025881
0.00393700787402 0.00121337025881
0.00387596899225 0.00121337025881
0.00380228136882 0.00121337025881
0.00377358490566 0.00121337025881
0.00371747211896 0.00121337025881
0.0034965034965 0.00121337025881
0.0 0.00121337025881
