1.0 0.0
1.0 0.0
0.857142857143 0.00041499515839
0.8 0.00041499515839
0.75 0.00041499515839
0.7 0.00165998063356
0.692307692308 0.00165998063356
0.666666666667 0.00165998063356
0.642857142857 0.00248997095034
0.636363636364 0.00248997095034
0.615384615385 0.00248997095034
0.6 0.00290496610873
0.583333333333 0.00424217273021
0.571428571429 0.00442661502282
0.555555555556 0.00683358694149
0.545454545455 0.00766357725827
0.533333333333 0.00777885369115
0.525773195876 0.008332180569
0.5 0.008332180569
0.473684210526 0.00960944344538
0.470588235294 0.00997832803062
0.466666666667 0.0101627703232
0.461538461538 0.0101627703232
0.454545454545 0.0108083183474
0.444444444444 0.01099276064
0.4375 0.011592198091
0.428571428571 0.0122838566883
0.423076923077 0.0132060681514
0.416666666667 0.0132060681514
0.411764705882 0.0141282796145
0.409090909091 0.0144741089132
0.4 0.01530409923
0.391304347826 0.016825748144
0.388888888889 0.0170101904367
0.384615384615 0.0170101904367
0.375 0.0175496841426
0.37037037037 0.0194619554835
0.368421052632 0.0194619554835
0.363636363636 0.0197939516102
0.358974358974 0.0207418532498
0.357142857143 0.0209262955424
0.347826086957 0.0220975041005
0.338709677419 0.0222819463932
0.333333333333 0.0222819463932
0.322222222222 0.027494467998
0.321428571429 0.0279555737295
0.32 0.0282322371685
0.318181818182 0.0284166794611
0.315789473684 0.0284166794611
0.3125 0.0280708501624
0.310810810811 0.0282882285787
0.307692307692 0.028657113164
0.306666666667 0.029555610618
0.304347826087 0.0303579345909
0.3 0.030842095609
0.294117647059 0.0354379201592
0.291666666667 0.0364360044745
0.289855072464 0.0364360044745
0.287671232877 0.0363668386147
0.285714285714 0.0370677193267
0.282608695652 0.038728994102
0.28 0.0393376536676
0.277777777778 0.0396235392212
0.272727272727 0.0402391184437
0.269230769231 0.0438679989413
0.268292682927 0.0440425603968
0.267605633803 0.0439990847136
0.266666666667 0.0445346260846
0.26582278481 0.045958619392
0.264705882353 0.0464304842573
0.263157894737 0.0469258435575
0.261682242991 0.047219599142
0.260869565217 0.0477125009006
0.259259259259 0.0476835171118
0.258064516129 0.0476835171118
0.25 0.048198418512
0.245283018868 0.050937449619
0.243243243243 0.050937449619
0.241379310345 0.0511601346667
0.24 0.0512458401886
0.238095238095 0.0514306318037
0.235294117647 0.0530693934143
0.230769230769 0.0526647790088
0.229508196721 0.0547375803223
0.227272727273 0.0547375803223
0.224489795918 0.054980824786
0.222222222222 0.0550128594999
0.219512195122 0.0544106860467
0.21875 0.0544106860467
0.217391304348 0.054051275765
0.21568627451 0.0539321432164
0.214285714286 0.0543536956885
0.212121212121 0.0553842409579
0.210526315789 0.0554319403851
0.208333333333 0.0557078170846
0.207547169811 0.054755316496
0.206896551724 0.054883007314
0.205882352941 0.0548532220539
0.205128205128 0.0554634915376
0.204545454545 0.0554634915376
0.203703703704 0.0558004907549
0.2 0.0549666950891
0.195652173913 0.0497085068742
0.19512195122 0.0497134357905
0.194444444444 0.0497134357905
0.194029850746 0.0498497143044
0.193548387097 0.0499522905137
0.192307692308 0.0498302488961
0.191489361702 0.0501582482511
0.190476190476 0.0502138999298
0.189655172414 0.0489541782474
0.189189189189 0.0489541782474
0.188679245283 0.0493281279539
0.1875 0.0493911366144
0.186440677966 0.049919282241
0.186046511628 0.0498257402905
0.185185185185 0.0498618643491
0.184782608696 0.0506861242689
0.184615384615 0.0507018531329
0.184210526316 0.0503876902935
0.181818181818 0.0505644322251
0.180327868852 0.045684290788
0.179487179487 0.0453347980679
0.178947368421 0.0454312998832
0.178571428571 0.0454312998832
0.177419354839 0.0459508943492
0.176470588235 0.0459626157344
0.175257731959 0.0474042098494
0.175 0.0474292584546
0.173913043478 0.0474935138377
0.172413793103 0.0473947252461
0.172043010753 0.0473903114617
0.171717171717 0.0473903114617
0.171428571429 0.0474021249143
0.171052631579 0.0474371269454
0.170731707317 0.047621569238
0.170212765957 0.0475719636277
0.169811320755 0.0475839560218
0.169491525424 0.0476496635886
0.169230769231 0.0476496635886
0.169014084507 0.0477195728336
0.166666666667 0.0479685699286
0.164556962025 0.0394184039389
0.164179104478 0.0394271637838
0.16393442623 0.039419526274
0.163793103448 0.0394900685318
0.163265306122 0.0394993701474
0.162790697674 0.039541006453
0.162162162162 0.0393490233291
0.161290322581 0.0393902056708
0.16 0.0383358439046
0.159663865546 0.038189603717
0.159574468085 0.038189603717
0.159420289855 0.038233997287
0.159090909091 0.0382699188016
0.157894736842 0.0382691211235
0.157303370787 0.0370926557733
0.156862745098 0.0370926557733
0.15625 0.0365343940041
0.155555555556 0.0361224671122
0.153846153846 0.0357200230189
0.153284671533 0.0350460085168
0.153153153153 0.0350460085168
0.152777777778 0.0351290075485
0.152173913043 0.0351290075485
0.151515151515 0.0351974288339
0.150943396226 0.034798587955
0.15 0.034798587955
0.149253731343 0.0348178872573
0.148936170213 0.0342825582531
0.148148148148 0.0340137079518
0.147727272727 0.0333603259134
0.147058823529 0.0333719110352
0.146788990826 0.0333757812579
0.146341463415 0.0333796552445
0.14606741573 0.0331167395388
0.145833333333 0.0331167395388
0.145454545455 0.0333049862384
0.145161290323 0.0333049862384
0.144927536232 0.0333049862384
0.144736842105 0.0333049862384
0.144578313253 0.0333049862384
0.144230769231 0.0333087947875
0.143939393939 0.0333202452864
0.142857142857 0.0320455295153
0.141025641026 0.0245374872137
0.140845070423 0.0245374872137
0.140350877193 0.0245374872137
0.14 0.0243370303436
0.139784946237 0.0242509854812
0.139534883721 0.0242509854812
0.138888888889 0.0242654773756
0.138461538462 0.0241485662555
0.137931034483 0.0241485662555
0.137404580153 0.0237444668354
0.137254901961 0.0237475592969
0.136363636364 0.0237524220608
0.135593220339 0.0232209173601
0.135416666667 0.0229647622942
0.135135135135 0.0229679012741
0.134615384615 0.0228684067084
0.134146341463 0.0228746154963
0.133333333333 0.0229111413434
0.132352941176 0.0209786468829
0.132075471698 0.0209786468829
0.131868131868 0.0209786468829
0.131578947368 0.0209786468829
0.131147540984 0.0209594897799
0.130841121495 0.0209594897799
0.130769230769 0.0209594897799
0.130434782609 0.0209594897799
0.13 0.0212139007711
0.129032258065 0.0212139007711
0.128571428571 0.0204855474095
0.128440366972 0.0204855474095
0.128205128205 0.0204913657742
0.127906976744 0.0203706706727
0.127659574468 0.020372133311
0.127450980392 0.0203751736887
0.127272727273 0.0203766367601
0.12676056338 0.0203723246578
0.125 0.0203737883879
0.123595505618 0.0153207720607
0.123456790123 0.0153219717912
0.123287671233 0.0153219717912
0.123076923077 0.0153243726954
0.122807017544 0.0153299745286
0.122448979592 0.0153335895947
0.122222222222 0.0151711380259
0.121951219512 0.015174629343
0.121621621622 0.0152105014569
0.121212121212 0.0152105014569
0.120879120879 0.0152166026268
0.120689655172 0.0152138796959
0.120481927711 0.0152197132679
0.12 0.0152197797658
0.119402985075 0.0148290475654
0.119047619048 0.0148393383212
0.118644067797 0.0140048259157
0.118421052632 0.0140048259157
0.118279569892 0.0140048259157
0.118181818182 0.0140048259157
0.11811023622 0.0137268917501
0.117647058824 0.0137268917501
0.117021276596 0.0134028273569
0.116883116883 0.0134028273569
0.116788321168 0.0134028273569
0.116666666667 0.0134028273569
0.116279069767 0.0134028273569
0.115942028986 0.01340733084
0.115789473684 0.01340733084
0.115384615385 0.01340733084
0.115044247788 0.0134598316848
0.114942528736 0.0134598316848
0.114754098361 0.0130746727917
0.114285714286 0.0130774326972
0.114035087719 0.0130083726121
0.113924050633 0.0130092854443
0.113636363636 0.0130092854443
0.11320754717 0.0130111119054
0.112903225806 0.0130111119054
0.112676056338 0.0130111119054
0.1125 0.0130111119054
0.112244897959 0.0130111119054
0.11214953271 0.0130111119054
0.111111111111 0.0130111119054
0.110294117647 0.00809794117451
0.109589041096 0.00809794117451
0.109489051095 0.00810036176533
0.109375 0.00810116903419
0.109090909091 0.0081044001359
0.108695652174 0.0081044001359
0.10843373494 0.00787414837131
0.108108108108 0.00787414837131
0.107843137255 0.00779767724208
0.107692307692 0.00779767724208
0.10752688172 0.00779846522312
0.107438016529 0.00779846522312
0.107142857143 0.00779846522312
0.106796116505 0.00770470723302
0.106666666667 0.00770627331542
0.106382978723 0.00770705663931
0.106060606061 0.00770862385246
0.105882352941 0.00770862385246
0.105769230769 0.00770862385246
0.105263157895 0.00770862385246
0.104651162791 0.00746055550313
0.10447761194 0.00746055550313
0.104166666667 0.00747019378131
0.103896103896 0.00746950662581
0.103773584906 0.00746950662581
0.103703703704 0.00746950662581
0.103448275862 0.00746950662581
0.102941176471 0.00728057964635
0.102564102564 0.00728057964635
0.102362204724 0.00720216755909
0.102040816327 0.00720216755909
0.101694915254 0.00723834672534
0.101449275362 0.00723834672534
0.101265822785 0.00724065473908
0.101123595506 0.00724065473908
0.100917431193 0.00724065473908
0.100840336134 0.00724142442335
0.10067114094 0.00724142442335
0.1 0.00724142442335
0.0990990990991 0.00354043086806
0.0987654320988 0.00354114686504
0.0985915492958 0.00354257928827
0.0983606557377 0.00354257928827
0.0980392156863 0.00354257928827
0.0978260869565 0.00354472899625
0.0975609756098 0.00354472899625
0.0973451327434 0.00354544585174
0.0972222222222 0.00354544585174
0.0970873786408 0.00354544585174
0.0967741935484 0.00354616285032
0.0964912280702 0.00355028756174
0.0963855421687 0.00355028756174
0.0961538461538 0.00355028756174
0.096 0.00355028756174
0.0958904109589 0.00355028756174
0.095652173913 0.00355028756174
0.0952380952381 0.00355028756174
0.0949720670391 0.00350310614064
0.0947368421053 0.00350310614064
0.0945945945946 0.00350310614064
0.0943396226415 0.00350453655708
0.0941176470588 0.00350739905744
0.0940170940171 0.00350739905744
0.0939597315436 0.00350739905744
0.09375 0.00350739905744
0.0935251798561 0.00351335472697
0.0934579439252 0.00351335472697
0.0933333333333 0.00351406899071
0.093023255814 0.00351406899071
0.0925925925926 0.0035147833923
0.0923076923077 0.0035147833923
0.0921052631579 0.0035147833923
0.0919540229885 0.0035147833923
0.0916666666667 0.0035147833923
0.0909090909091 0.0035147833923
0.0902255639098 0.00323196690853
0.0900900900901 0.00323196690853
0.09 0.00323196690853
0.0898876404494 0.00323267531055
0.0897435897436 0.00323267531055
0.089552238806 0.00323267531055
0.0892857142857 0.00323267531055
0.0888888888889 0.00323389906642
0.0887096774194 0.00323389906642
0.0886075949367 0.00323389906642
0.0882352941176 0.00323389906642
0.088 0.00323772718397
0.0877192982456 0.00323772718397
0.0875 0.00323772718397
0.0869565217391 0.00323772718397
0.0865384615385 0.00325473499954
0.0864197530864 0.00325473499954
0.0863309352518 0.00325473499954
0.0862068965517 0.00325473499954
0.0860927152318 0.00325473499954
0.0860215053763 0.00325473499954
0.0857142857143 0.00325473499954
0.0854700854701 0.00325615425242
0.0853658536585 0.00325615425242
0.0851063829787 0.00325615425242
0.0849056603774 0.00325615425242
0.0847457627119 0.00325615425242
0.0846153846154 0.00325615425242
0.0845070422535 0.00325615425242
0.0843373493976 0.00325615425242
0.0842105263158 0.00325615425242
0.0841121495327 0.00325615425242
0.0833333333333 0.00325615425242
0.0826446280992 0.00313371919518
0.0824742268041 0.00313371919518
0.0823529411765 0.00313371919518
0.0821917808219 0.00313371919518
0.0819672131148 0.00313371919518
0.0818181818182 0.00313371919518
0.0816326530612 0.00313441563146
0.0813953488372 0.00313511219045
0.0813008130081 0.00313511219045
0.0810810810811 0.00313511219045
0.0806451612903 0.00314138674329
0.0804597701149 0.00314138674329
0.0803571428571 0.00314138674329
0.08 0.00314138674329
0.0795454545455 0.00314348046966
0.0793650793651 0.00314348046966
0.0789473684211 0.00314348046966
0.0787878787879 0.00314767123557
0.0787401574803 0.00314767123557
0.0786516853933 0.00314767123557
0.078431372549 0.00314767123557
0.0782608695652 0.00314767123557
0.078125 0.00314767123557
0.0780141843972 0.00314767123557
0.0779220779221 0.00314767123557
0.0777777777778 0.00314767123557
0.0776699029126 0.00314767123557
0.0775862068966 0.00314767123557
0.077519379845 0.00314767123557
0.0774647887324 0.00314767123557
0.0769230769231 0.00314767123557
0.0762711864407 0.0027971170342
0.0761904761905 0.0027971170342
0.0760869565217 0.0027971170342
0.0759493670886 0.0027971170342
0.0757575757576 0.0027971170342
0.0754716981132 0.00279780468236
0.0752688172043 0.00279780468236
0.0751879699248 0.00279780468236
0.075 0.00279780468236
0.0746268656716 0.00279986833874
0.0744680851064 0.00279986833874
0.0740740740741 0.00279986833874
0.0736842105263 0.00279673269741
0.0735294117647 0.00279673269741
0.0733944954128 0.00279673269741
0.0731707317073 0.00279673269741
0.0729927007299 0.00279231966547
0.0729166666667 0.00279231966547
0.0727272727273 0.00279231966547
0.0725806451613 0.00279231966547
0.0724637681159 0.00279231966547
0.0722891566265 0.00279231966547
0.0721649484536 0.00279231966547
0.072 0.00279231966547
0.0714285714286 0.00279231966547
0.0709219858156 0.00280154544402
0.070796460177 0.00280154544402
0.0707070707071 0.00280154544402
0.0705882352941 0.00280154544402
0.0704225352113 0.00280154544402
0.0701754385965 0.00280154544402
0.07 0.002802223063
0.0697674418605 0.002802223063
0.0695652173913 0.00276936885408
0.0694444444444 0.00277004582604
0.0693069306931 0.00277004582604
0.0689655172414 0.00277004582604
0.0686274509804 0.00276884342713
0.0684931506849 0.00276884342713
0.0683760683761 0.00276884342713
0.0681818181818 0.00276884342713
0.0679611650485 0.00276884342713
0.0677966101695 0.00276884342713
0.0676691729323 0.00276884342713
0.0675675675676 0.00276884342713
0.0674157303371 0.00276884342713
0.0673076923077 0.00276884342713
0.0666666666667 0.00276884342713
0.0661764705882 0.00278006652875
0.0660377358491 0.00278006652875
0.0659340659341 0.00278006652875
0.0657894736842 0.00278006652875
0.0655737704918 0.00278006652875
0.0654205607477 0.00278006652875
0.0652173913043 0.00278006652875
0.0650887573964 0.00278141743912
0.0650406504065 0.00278141743912
0.0649350649351 0.00278141743912
0.0648148148148 0.00278141743912
0.0647482014388 0.00278141743912
0.0645161290323 0.00278141743912
0.0642201834862 0.0027820930637
0.0641025641026 0.0027820930637
0.063829787234 0.0027820930637
0.0636363636364 0.00278344465167
0.0634920634921 0.00278344465167
0.0632911392405 0.00278344465167
0.0631578947368 0.00278344465167
0.0630630630631 0.00278344465167
0.0629921259843 0.00278344465167
0.0625 0.00278344465167
0.062015503876 0.00278194641535
0.0618556701031 0.00278194641535
0.0617283950617 0.00278262030152
0.0615384615385 0.00278262030152
0.0614035087719 0.00278262030152
0.0612244897959 0.00278262030152
0.0610687022901 0.00278262030152
0.0609756097561 0.00278262030152
0.0608695652174 0.00278262030152
0.0606060606061 0.00278262030152
0.0603448275862 0.00278329430002
0.0602409638554 0.00278329430002
0.06 0.00278329430002
0.0597014925373 0.00278329430002
0.0595238095238 0.00278329430002
0.0594059405941 0.00278329430002
0.0593220338983 0.00278329430002
0.0592105263158 0.00278329430002
0.0588235294118 0.00278329430002
0.0584415584416 0.00278787587846
0.0583333333333 0.00278787587846
0.0582524271845 0.00278787587846
0.0581395348837 0.00278787587846
0.058064516129 0.00278787587846
0.0579710144928 0.00278787587846
0.0578512396694 0.00278787587846
0.0576923076923 0.00278787587846
0.0574712643678 0.00278787587846
0.0573248407643 0.00278787587846
0.0571428571429 0.00278787587846
0.0568181818182 0.00278922513049
0.0567375886525 0.00278922513049
0.0566037735849 0.00278922513049
0.056338028169 0.00278922513049
0.0561797752809 0.00278922513049
0.0560747663551 0.00278922513049
0.056 0.00278922513049
0.0559440559441 0.00278922513049
0.0555555555556 0.00278922513049
0.0551181102362 0.00278880528437
0.0550458715596 0.00278880528437
0.0549450549451 0.00278880528437
0.0547945205479 0.00278880528437
0.0546875 0.00278880528437
0.0545454545455 0.00278880528437
0.054347826087 0.00278880528437
0.0542635658915 0.00278880528437
0.0540540540541 0.00278880528437
0.0537634408602 0.00279015302445
0.0535714285714 0.00279015302445
0.0533333333333 0.00279015302445
0.0531914893617 0.00279015302445
0.0530973451327 0.00279015302445
0.0530303030303 0.00279015302445
0.0526315789474 0.00279015302445
0.0522388059701 0.00278919920201
0.0521739130435 0.00278919920201
0.0520833333333 0.00278919920201
0.0519480519481 0.00278919920201
0.051724137931 0.00278919920201
0.0515463917526 0.00278919920201
0.0514705882353 0.00278919920201
0.0512820512821 0.00278919920201
0.0510204081633 0.00278987247587
0.0509554140127 0.00278987247587
0.0508474576271 0.00278987247587
0.0507246376812 0.00278987247587
0.0506329113924 0.00278987247587
0.0505050505051 0.00278987247587
0.0503597122302 0.00278987247587
0.05 0.00278987247587
0.0496453900709 0.00278595419316
0.0495867768595 0.00278595419316
0.049504950495 0.00278595419316
0.0493827160494 0.00278595419316
0.0491803278689 0.00278595419316
0.0490196078431 0.00278595419316
0.0487804878049 0.00278595419316
0.0486111111111 0.00278662572122
0.0485436893204 0.00278662572122
0.0483870967742 0.00278662572122
0.0481927710843 0.00278662572122
0.0480769230769 0.00278662572122
0.048 0.00278662572122
0.047619047619 0.00278662572122
0.0472440944882 0.00236839802329
0.0471698113208 0.00236839802329
0.0470588235294 0.00236839802329
0.046875 0.00236839802329
0.0467289719626 0.00236839802329
0.046511627907 0.00236839802329
0.0462962962963 0.00236839802329
0.0461538461538 0.00236839802329
0.0459770114943 0.00236839802329
0.045871559633 0.00236839802329
0.0458015267176 0.00236839802329
0.0454545454545 0.00236839802329
0.045045045045 0.00236692274163
0.0449438202247 0.00236692274163
0.044776119403 0.00236692274163
0.0446428571429 0.00236692274163
0.0444444444444 0.00236692274163
0.0443037974684 0.00236692274163
0.0442477876106 0.00236692274163
0.0441176470588 0.00236692274163
0.0440251572327 0.00236692274163
0.043956043956 0.00236692274163
0.0438596491228 0.00236692274163
0.0434782608696 0.00236692274163
0.0431654676259 0.00236397774727
0.0431034482759 0.00236397774727
0.0430107526882 0.00236397774727
0.0428571428571 0.00236397774727
0.042735042735 0.00236397774727
0.0425531914894 0.00236397774727
0.0423728813559 0.00236397774727
0.0422535211268 0.00236397774727
0.0421052631579 0.00236397774727
0.0420168067227 0.00236397774727
0.041958041958 0.00236397774727
0.0416666666667 0.00236397774727
0.0413223140496 0.00236317575751
0.0412371134021 0.00236317575751
0.041095890411 0.00236317575751
0.0409836065574 0.00236317575751
0.0408163265306 0.00236317575751
0.0406504065041 0.00236317575751
0.0405405405405 0.00236317575751
0.040404040404 0.00236317575751
0.0403225806452 0.00236317575751
0.04 0.00236317575751
0.039603960396 0.00236384359741
0.0394736842105 0.00236384359741
0.0393700787402 0.00236384359741
0.0392156862745 0.00236384359741
0.0390625 0.00236384359741
0.038961038961 0.00236384359741
0.0388349514563 0.00236384359741
0.0387596899225 0.00236384359741
0.0384615384615 0.00236384359741
0.0380952380952 0.00236157440376
0.0379746835443 0.00236157440376
0.0378787878788 0.00236157440376
0.0377358490566 0.00236157440376
0.0375 0.00236224138233
0.0373831775701 0.00236224138233
0.0373134328358 0.00236224138233
0.0372670807453 0.00236224138233
0.037037037037 0.00236224138233
0.0367647058824 0.00236077503699
0.0366972477064 0.00236077503699
0.0365853658537 0.00236077503699
0.0363636363636 0.00236077503699
0.0361445783133 0.00236077503699
0.036036036036 0.00236077503699
0.0359712230216 0.00236077503699
0.0357142857143 0.00236077503699
0.0353982300885 0.00235559242871
0.0352941176471 0.00235559242871
0.0352112676056 0.00235559242871
0.0350877192982 0.00235559242871
0.0348837209302 0.00235559242871
0.0347826086957 0.00235559242871
0.0347222222222 0.00235559242871
0.0344827586207 0.00235559242871
0.0342465753425 0.00234530227559
0.034188034188 0.00234530227559
0.0340909090909 0.00234530227559
0.0340136054422 0.00234530227559
0.0338983050847 0.00234530227559
0.0337078651685 0.00234530227559
0.0336134453782 0.00234530227559
0.0333333333333 0.00234530227559
0.0331125827815 0.00234385802364
0.0330578512397 0.00234385802364
0.032967032967 0.00234385802364
0.0327868852459 0.00234385802364
0.0326086956522 0.00234385802364
0.0325203252033 0.00234385802364
0.0322580645161 0.00234385802364
0.031914893617 0.00234385802364
0.031746031746 0.00234385802364
0.0316455696203 0.00234385802364
0.0315789473684 0.00234385802364
0.0314960629921 0.00234385802364
0.03125 0.00234385802364
0.031007751938 0.00234385802364
0.0309278350515 0.00234385802364
0.0307692307692 0.00234385802364
0.030612244898 0.00234385802364
0.030534351145 0.00234385802364
0.030303030303 0.00234385802364
0.03 0.00234385802364
0.0298507462687 0.00234385802364
0.029702970297 0.00234385802364
0.0294117647059 0.00234385802364
0.0292397660819 0.00234385802364
0.0291262135922 0.00234385802364
0.0289855072464 0.00234385802364
0.0288461538462 0.00234385802364
0.0285714285714 0.00234385802364
0.0283018867925 0.00234385802364
0.0281690140845 0.00234385802364
0.0280373831776 0.00234385802364
0.027972027972 0.00234385802364
0.0277777777778 0.00234385802364
0.0275862068966 0.00234385802364
0.0275229357798 0.00234385802364
0.027397260274 0.00234385802364
0.0272727272727 0.00234385802364
0.0272108843537 0.00234385802364
0.027027027027 0.00234385802364
0.0268456375839 0.00234385802364
0.0267857142857 0.00234385802364
0.0266666666667 0.00234385802364
0.0265486725664 0.00234385802364
0.0263157894737 0.00234385802364
0.0260869565217 0.00234241557401
0.025974025974 0.00234241557401
0.0258620689655 0.00234241557401
0.025641025641 0.00234241557401
0.0254237288136 0.00234097492361
0.0253164556962 0.00234097492361
0.0252100840336 0.00234097492361
0.0251572327044 0.00234097492361
0.025 0.00234097492361
0.0247933884298 0.00234097492361
0.0246913580247 0.00234097492361
0.0245901639344 0.00234097492361
0.0243902439024 0.00234097492361
0.0241935483871 0.00233666373696
0.0240963855422 0.00233666373696
0.024 0.00233666373696
0.0238095238095 0.00233666373696
0.0235294117647 0.0023352302527
0.0234375 0.0023352302527
0.0232558139535 0.0023352302527
0.0230769230769 0.0023352302527
0.0229885057471 0.0023352302527
0.0229007633588 0.0023352302527
0.0227272727273 0.0023352302527
0.0225563909774 0.0023352302527
0.0224719101124 0.0023352302527
0.0223880597015 0.0023352302527
0.0222222222222 0.0023352302527
0.021978021978 0.0023352302527
0.021897810219 0.0023352302527
0.0217391304348 0.0023352302527
0.0215053763441 0.0023352302527
0.0214285714286 0.0023352302527
0.0212765957447 0.0023352302527
0.0211267605634 0.00233379855231
0.0210526315789 0.00233379855231
0.0208333333333 0.00233379855231
0.020618556701 0.00233379855231
0.0205479452055 0.00233379855231
0.0204081632653 0.00233379855231
0.020202020202 0.00233379855231
0.02 0.00233379855231
0.019801980198 0.00233379855231
0.0196078431373 0.00233379855231
0.0194174757282 0.00233379855231
0.0192307692308 0.00233379855231
0.0190476190476 0.00233379855231
0.0188679245283 0.00233379855231
0.01875 0.00233379855231
0.018691588785 0.00233379855231
0.0185185185185 0.00233379855231
0.0183486238532 0.00233379855231
0.0181818181818 0.00233379855231
0.018018018018 0.00233379855231
0.0179640718563 0.00233379855231
0.0178571428571 0.00233379855231
0.0176991150442 0.00233379855231
0.0175438596491 0.00233379855231
0.0173913043478 0.00233379855231
0.0172413793103 0.00233379855231
0.0171428571429 0.00233379855231
0.017094017094 0.00233379855231
0.0169491525424 0.00233379855231
0.0168067226891 0.00233379855231
0.0167597765363 0.00233379855231
0.0166666666667 0.00233379855231
0.0165289256198 0.00233379855231
0.016393442623 0.00233379855231
0.0162601626016 0.00233379855231
0.0161290322581 0.00233379855231
0.016 0.00233379855231
0.015873015873 0.00233379855231
0.0157480314961 0.00233379855231
0.015625 0.00233379855231
0.015503875969 0.00233379855231
0.0153846153846 0.00233379855231
0.0152671755725 0.00233379855231
0.0151515151515 0.00233379855231
0.015037593985 0.00233379855231
0.0149253731343 0.00233379855231
0.0148148148148 0.00233379855231
0.0147058823529 0.00233379855231
0.014598540146 0.00233379855231
0.0144927536232 0.00233379855231
0.0142857142857 0.00233379855231
0.0141843971631 0.00233445476616
0.0140845070423 0.00233445476616
0.0138888888889 0.00233445476616
0.0137931034483 0.00233445476616
0.013698630137 0.00233445476616
0.0135135135135 0.00233445476616
0.0133333333333 0.00233445476616
0.0131578947368 0.00233445476616
0.012987012987 0.00233445476616
0.0128205128205 0.00233445476616
0.0126582278481 0.00233445476616
0.0125 0.00233445476616
0.0123456790123 0.00233445476616
0.0121951219512 0.00233445476616
0.0120481927711 0.00233445476616
0.0119047619048 0.00233445476616
0.0117647058824 0.00233445476616
0.0116279069767 0.00233445476616
0.0114942528736 0.00233159565327
0.0113636363636 0.00233159565327
0.0112359550562 0.00233159565327
0.0111111111111 0.00233159565327
0.010989010989 0.00233159565327
0.0108695652174 0.00233159565327
0.010752688172 0.00233159565327
0.0106382978723 0.00233159565327
0.0105263157895 0.00233159565327
0.0104166666667 0.00233159565327
0.0103092783505 0.00233159565327
0.0102040816327 0.00233159565327
0.010101010101 0.00233016876148
0.01 0.00233016876148
0.00990099009901 0.00233016876148
0.00980392156863 0.00233016876148
0.00970873786408 0.00233016876148
0.00961538461538 0.00233016876148
0.00952380952381 0.00233016876148
0.00943396226415 0.00233016876148
0.00934579439252 0.00233016876148
0.00925925925926 0.00233016876148
0.00917431192661 0.00233016876148
0.00909090909091 0.00233016876148
0.00900900900901 0.00233016876148
0.00892857142857 0.00233016876148
0.00884955752212 0.00233016876148
0.00877192982456 0.00233016876148
0.00869565217391 0.00233016876148
0.00862068965517 0.00233016876148
0.00854700854701 0.00233016876148
0.00847457627119 0.00233016876148
0.00840336134454 0.00233016876148
0.00833333333333 0.00233016876148
0.00826446280992 0.00233016876148
0.00819672131148 0.00233016876148
0.00813008130081 0.00233016876148
0.00806451612903 0.00233016876148
0.008 0.00233016876148
0.00793650793651 0.00233016876148
0.00787401574803 0.00233016876148
0.0078125 0.00233016876148
0.0077519379845 0.00233016876148
0.00769230769231 0.00233016876148
0.00757575757576 0.00233016876148
0.00751879699248 0.00233016876148
0.00746268656716 0.00233016876148
0.00735294117647 0.00233016876148
0.00729927007299 0.00233016876148
0.00719424460432 0.00233016876148
0.00709219858156 0.00233016876148
0.00699300699301 0.00233016876148
0.00680272108844 0.00233016876148
0.00606060606061 0.00233016876148
0.00558659217877 0.00233016876148
0.0 0.00233016876148
