1.0 0.0
1.0 0.0
0.909090909091 0.0
0.875 0.0
0.866666666667 4.46229361892e-05
0.857142857143 4.46229361892e-05
0.833333333333 4.46229361892e-05
0.8 4.46229361892e-05
0.785714285714 0.000245426149041
0.777777777778 0.000368139223561
0.769230769231 0.000468540829987
0.764705882353 0.000468540829987
0.75 0.000622489959839
0.733333333333 0.000823293172691
0.714285714286 0.00100401606426
0.705882352941 0.00130522088353
0.7 0.00130522088353
0.692307692308 0.00130522088353
0.684210526316 0.00130522088353
0.666666666667 0.00150602409639
0.647058823529 0.00217313699241
0.642857142857 0.00217313699241
0.636363636364 0.00217313699241
0.631578947368 0.00227353859884
0.625 0.00227353859884
0.615384615385 0.00247434181169
0.611111111111 0.00261936635431
0.6 0.0026639892905
0.590909090909 0.00403837572512
0.588235294118 0.00408299866131
0.584905660377 0.00448460508701
0.583333333333 0.00448460508701
0.578947368421 0.00448460508701
0.571428571429 0.00471887550201
0.566666666667 0.00524144195831
0.565217391304 0.00538646650092
0.5625 0.00538646650092
0.555555555556 0.00538646650092
0.55 0.00555380251163
0.545454545455 0.00592194173519
0.538461538462 0.00606696627781
0.533333333333 0.00606696627781
0.529411764706 0.00616736788424
0.526315789474 0.00631239242685
0.521739130435 0.00644626123542
0.52 0.00644626123542
0.510638297872 0.00649088417161
0.5 0.00649088417161
0.487179487179 0.00936890418818
0.48275862069 0.00941352712437
0.48 0.00948046152865
0.478260869565 0.0095845817131
0.47619047619 0.0095845817131
0.473684210526 0.00971845052166
0.470588235294 0.00998953485901
0.466666666667 0.0103576740826
0.461538461538 0.0107124264253
0.458333333333 0.0109132296381
0.454545454545 0.0109132296381
0.451612903226 0.0114910966618
0.45 0.0115134081299
0.444444444444 0.0117086334757
0.441176470588 0.0129971207582
0.44 0.0130885977774
0.4375 0.0132258133061
0.435897435897 0.0135910042286
0.434782608696 0.0135910042286
0.428571428571 0.0141197860224
0.423913043478 0.01538373069
0.423076923077 0.0154538524468
0.421052631579 0.0154538524468
0.416666666667 0.0157052283207
0.411764705882 0.0166902796371
0.410256410256 0.0167301215444
0.409090909091 0.0170257219354
0.407407407407 0.0170257219354
0.40625 0.0170257219354
0.405405405405 0.0170257219354
0.4 0.0170703448715
0.393939393939 0.0186298223196
0.392857142857 0.0187023345909
0.391304347826 0.0187023345909
0.390243902439 0.0190711161143
0.388888888889 0.0191157390505
0.387096774194 0.0191758785986
0.385714285714 0.0191758785986
0.384615384615 0.0191758785986
0.382352941176 0.019735544093
0.380952380952 0.019745424886
0.379310344828 0.019745424886
0.375 0.0200832229647
0.37037037037 0.0211160026572
0.369863013699 0.0211160026572
0.368421052632 0.0211606255934
0.366666666667 0.0214446911485
0.365853658537 0.0216201181312
0.363636363636 0.0219715850489
0.36 0.0231926598242
0.357142857143 0.0236752127465
0.354838709677 0.0239992868206
0.352941176471 0.0239992868206
0.351351351351 0.0240556739854
0.35 0.0243903460068
0.347826086957 0.0246324254356
0.347457627119 0.0246324254356
0.346153846154 0.0249223432769
0.344827586207 0.0249223432769
0.34375 0.0249669662131
0.342857142857 0.0252105044687
0.338235294118 0.0253220618092
0.335877862595 0.0253443732773
0.333333333333 0.025517287155
0.331034482759 0.0282421232919
0.329268292683 0.0283686979667
0.327868852459 0.0284802553072
0.327272727273 0.0285806569136
0.326923076923 0.0287256814562
0.325581395349 0.0287256814562
0.325 0.0288149273286
0.324324324324 0.0288149273286
0.323529411765 0.0288205051956
0.323232323232 0.0288651281318
0.322580645161 0.0288930174669
0.321428571429 0.0289376404031
0.32 0.0289663265764
0.31914893617 0.0293701641489
0.318181818182 0.0294147870851
0.315789473684 0.0294516010074
0.314285714286 0.0297757388657
0.3125 0.0297757388657
0.311111111111 0.0300035856012
0.310344827586 0.0300035856012
0.308641975309 0.0302244691354
0.307692307692 0.0302244691354
0.306358381503 0.0312944829696
0.305555555556 0.0314381688241
0.305439330544 0.0314381688241
0.3046875 0.0315476515895
0.304347826087 0.0317094097332
0.30303030303 0.0317953088854
0.302405498282 0.0320351571674
0.302325581395 0.0323394044596
0.301886792453 0.0325289739263
0.301204819277 0.0325735968624
0.3 0.0326182197986
0.297297297297 0.0339062231176
0.296296296296 0.0340177804581
0.294573643411 0.0340624033943
0.294117647059 0.0341860070526
0.29347826087 0.0343888452675
0.292929292929 0.0345227140761
0.292682926829 0.0345342544906
0.292307692308 0.0345788774268
0.291666666667 0.0345788774268
0.290502793296 0.0347108426776
0.290322580645 0.0348279778851
0.289473684211 0.0349172237574
0.289156626506 0.0349674245607
0.288461538462 0.035036672366
0.285714285714 0.035036672366
0.283333333333 0.035846396435
0.282608695652 0.0359422591889
0.282051282051 0.0360591837636
0.281481481481 0.0360915353923
0.28125 0.0362596682412
0.280701754386 0.0362474983495
0.28 0.0365654367699
0.279069767442 0.0370057695295
0.277777777778 0.0371048165111
0.277372262774 0.0377299795637
0.276470588235 0.0377987807541
0.275862068966 0.0380825082567
0.275 0.0381873721567
0.272727272727 0.0381873721567
0.270833333333 0.0402408607785
0.27027027027 0.0402878989439
0.269230769231 0.0406030484308
0.268292682927 0.0408220633013
0.267857142857 0.0408220633013
0.267605633803 0.040978243578
0.267441860465 0.0410951576808
0.26724137931 0.0412072221001
0.266666666667 0.0414347990747
0.265306122449 0.0421938883569
0.264864864865 0.0423258498948
0.264705882353 0.0425598015746
0.263157894737 0.0426149613634
0.261904761905 0.04321207763
0.260869565217 0.0432790120343
0.259259259259 0.0437140769268
0.258064516129 0.0436223608561
0.257142857143 0.0436969050647
0.256756756757 0.0437105771559
0.25641025641 0.0436902577832
0.255813953488 0.0436235551863
0.255319148936 0.0438277848032
0.255102040816 0.0438277848032
0.253731343284 0.0439197399253
0.253333333333 0.0440119034512
0.251851851852 0.0440174813182
0.25 0.0441870484757
0.248962655602 0.0437589902867
0.247058823529 0.0440126166298
0.246913580247 0.0441073227064
0.246666666667 0.0442195223467
0.245901639344 0.0442398417194
0.244897959184 0.0442398417194
0.244444444444 0.0442844646556
0.243902439024 0.0445735531129
0.243243243243 0.0445824777001
0.242424242424 0.044606247252
0.241379310345 0.044606247252
0.24 0.0446592369887
0.239726027397 0.0444019329162
0.239583333333 0.0444019329162
0.239436619718 0.0444205198625
0.239361702128 0.0443453807495
0.239130434783 0.0443453807495
0.238805970149 0.0444534069403
0.238636363636 0.0445443189288
0.238095238095 0.0445443189288
0.237704918033 0.044109185924
0.236842105263 0.0442081719709
0.236363636364 0.0443017502223
0.23595505618 0.0443797695214
0.235294117647 0.0443987342693
0.234375 0.0451872566573
0.234042553191 0.0451588434208
0.233333333333 0.0450331397735
0.233082706767 0.0449773611033
0.232558139535 0.044920604729
0.232142857143 0.0449399333805
0.23178807947 0.0450857380443
0.230769230769 0.0447058210849
0.230158730159 0.0456753982347
0.229885057471 0.0456550049052
0.229508196721 0.0456758384099
0.229166666667 0.0457137679057
0.228571428571 0.0457137679057
0.227848101266 0.0458030402244
0.227272727273 0.0458139170651
0.225806451613 0.046367071931
0.225 0.0463662893041
0.224489795918 0.0463551335701
0.224358974359 0.0464645515019
0.223880597015 0.0465571286207
0.223529411765 0.0465818154051
0.222222222222 0.0467790634939
0.221153846154 0.0465960553503
0.220338983051 0.0464343611029
0.22 0.0465905085686
0.21978021978 0.0466666372592
0.219512195122 0.0467353308369
0.219178082192 0.0466811826201
0.21875 0.0465702727981
0.218181818182 0.0466069900147
0.217821782178 0.0466069900147
0.217391304348 0.0466165142777
0.217054263566 0.046553516984
0.216216216216 0.0462201937261
0.215827338129 0.046519613697
0.21568627451 0.0465482801698
0.215384615385 0.046607266426
0.215189873418 0.046596110692
0.214285714286 0.0466486826532
0.213793103448 0.0471248711567
0.213114754098 0.0471520670273
0.212765957447 0.0469077651364
0.2125 0.0467318651587
0.212121212121 0.0467599573253
0.212 0.0467316143812
0.211764705882 0.0469039464355
0.211267605634 0.0469097606158
0.210526315789 0.04691486038
0.210144927536 0.0475694309876
0.209677419355 0.0475694309876
0.209523809524 0.0475694309876
0.209302325581 0.0476041212436
0.209090909091 0.047699696376
0.208955223881 0.047699696376
0.208695652174 0.047699696376
0.208556149733 0.0477170598456
0.208333333333 0.0477170598456
0.207317073171 0.0476828911756
0.206896551724 0.0476661575746
0.206666666667 0.0478173574618
0.206106870229 0.0478363333458
0.205882352941 0.0478642226809
0.205607476636 0.0479037978269
0.205357142857 0.0479358929835
0.205128205128 0.0479358929835
0.204819277108 0.0478929865513
0.204724409449 0.0478929865513
0.204545454545 0.0479644996191
0.204081632653 0.0480338527125
0.203703703704 0.0480338527125
0.203389830508 0.0480338527125
0.203125 0.0479068620352
0.202702702703 0.0479733349317
0.202643171806 0.0479781559907
0.20253164557 0.0479781559907
0.201680672269 0.0480185774166
0.201438848921 0.0482359807888
0.201388888889 0.0483344699836
0.2 0.0483344699836
0.198473282443 0.0421353541785
0.198113207547 0.0421380389101
0.197368421053 0.0421380389101
0.196721311475 0.0421407271442
0.196428571429 0.0420605281524
0.196078431373 0.0422761524305
0.195402298851 0.0422725949441
0.19512195122 0.0423336215903
0.194690265487 0.0423203637243
0.194444444444 0.0422835801715
0.194029850746 0.0421517000153
0.19387755102 0.0421517000153
0.193798449612 0.0421602001609
0.193548387097 0.0421968986792
0.19298245614 0.042419939629
0.192468619247 0.0424256225558
0.192307692308 0.0424284688681
0.191919191919 0.0424542065186
0.191666666667 0.042475503829
0.191489361702 0.0424676948152
0.191358024691 0.0425666280504
0.191176470588 0.0425675592573
0.191011235955 0.0425124950196
0.190909090909 0.0425124950196
0.190476190476 0.0425124950196
0.189873417722 0.0433757786792
0.189473684211 0.0433757786792
0.189393939394 0.0433741093485
0.189189189189 0.0433827326563
0.188888888889 0.0435989042491
0.188679245283 0.0435574681648
0.188405797101 0.0435574681648
0.188235294118 0.0436930191017
0.1875 0.0437027455078
0.187165775401 0.0436048488817
0.186813186813 0.0436761947667
0.186666666667 0.0436594611657
0.186440677966 0.0436321554462
0.186274509804 0.043724646623
0.186046511628 0.0437268702109
0.185840707965 0.0435249464978
0.185714285714 0.0435249464978
0.185520361991 0.0436179109482
0.185483870968 0.0436129048404
0.185185185185 0.0436840976722
0.184782608696 0.0435592300063
0.184615384615 0.0435592300063
0.184466019417 0.0435867575213
0.184397163121 0.0436120229823
0.184210526316 0.0436164727584
0.183673469388 0.043713897397
0.183333333333 0.043684619446
0.183098591549 0.0436891089854
0.182692307692 0.043616463728
0.18253968254 0.043616463728
0.181818181818 0.043616463728
0.181481481481 0.0433245790175
0.181034482759 0.043377833766
0.180952380952 0.0433799592687
0.180790960452 0.0433685080048
0.180555555556 0.0433685080048
0.180327868852 0.0433685080048
0.18 0.0433689927955
0.179775280899 0.0433098557027
0.179487179487 0.0432997958165
0.179104477612 0.0432799048573
0.179012345679 0.0432799048573
0.178947368421 0.0433860443162
0.178571428571 0.0433860443162
0.178217821782 0.0433352202535
0.178082191781 0.0430453960662
0.177777777778 0.0430453960662
0.177419354839 0.0430617571215
0.177272727273 0.0430617571215
0.177215189873 0.0430617571215
0.177083333333 0.0430823941071
0.176991150442 0.0430823941071
0.176923076923 0.0430792538734
0.176829268293 0.0430702168708
0.176470588235 0.0427136835675
0.175675675676 0.0428462629499
0.175438596491 0.0428448411406
0.175 0.0426762565131
0.174825174825 0.0427246101748
0.174603174603 0.04270947025
0.174311926606 0.0427295505713
0.173913043478 0.0427295505713
0.173469387755 0.0428386641668
0.173333333333 0.042872481498
0.173076923077 0.042872481498
0.172932330827 0.0424682159196
0.172839506173 0.0424682159196
0.172727272727 0.0424690441527
0.172413793103 0.0424690441527
0.172248803828 0.0418101748588
0.172131147541 0.041824278894
0.172043010753 0.0418258352069
0.171974522293 0.0418351948367
0.171875 0.0419261904096
0.171717171717 0.0419035255611
0.171428571429 0.0419035255611
0.171339563863 0.0410721550032
0.171052631579 0.0410854166829
0.170886075949 0.0412411209448
0.170731707317 0.0412411209448
0.17032967033 0.0413249310192
0.170212765957 0.0413171220053
0.169902912621 0.0403890067369
0.169811320755 0.0404226938269
0.169642857143 0.0404383416014
0.169491525424 0.0404383416014
0.16935483871 0.0404394730554
0.169230769231 0.0404394730554
0.168831168831 0.0404408523445
0.168674698795 0.0404388602492
0.168067226891 0.0404388602492
0.167741935484 0.0404388602492
0.167630057803 0.0404388602492
0.167512690355 0.0404388602492
0.166666666667 0.0405402896698
0.165605095541 0.0354101378759
0.165517241379 0.0354118028973
0.165467625899 0.0354118028973
0.165441176471 0.0354298815325
0.165413533835 0.03542836754
0.165289256198 0.03542836754
0.165137614679 0.0354746822249
0.165048543689 0.0354746822249
0.164948453608 0.0354746822249
0.164705882353 0.0354746822249
0.164383561644 0.0354746822249
0.164179104478 0.0354870204499
0.1640625 0.0355569681754
0.16393442623 0.0355569681754
0.163793103448 0.0355578022723
0.163636363636 0.0355578022723
0.16339869281 0.03547452455
0.163265306122 0.03547452455
0.162962962963 0.0354065516864
0.162921348315 0.0354065516864
0.162790697674 0.0354065516864
0.1625 0.0354015038385
0.162162162162 0.0354023253558
0.161764705882 0.0352407270875
0.161616161616 0.0352679361181
0.161538461538 0.0352695804731
0.161290322581 0.0352695804731
0.161016949153 0.03534288934
0.16091954023 0.03534288934
0.160714285714 0.0353437762285
0.16049382716 0.0353462336513
0.16 0.0353462336513
0.159420289855 0.0353014208213
0.159090909091 0.0353028067096
0.158878504673 0.0350336444735
0.15873015873 0.0350336444735
0.158415841584 0.0350397547708
0.157894736842 0.035040682368
0.157692307692 0.0351212685265
0.157407407407 0.0351200251174
0.157303370787 0.0351234989211
0.157142857143 0.0351234989211
0.157068062827 0.0351243118183
0.156862745098 0.0350407145958
0.15668202765 0.0350781198183
0.156626506024 0.0350789294849
0.15652173913 0.0350789294849
0.15625 0.0350789294849
0.155555555556 0.0350412672228
0.155405405405 0.0350625517503
0.155172413793 0.0350625517503
0.154929577465 0.0351361550769
0.154838709677 0.0351361550769
0.154761904762 0.0351361550769
0.154639175258 0.0352470594543
0.154411764706 0.0352470594543
0.153846153846 0.0352478729152
0.153153153153 0.0344628830439
0.15306122449 0.0344607095502
0.152941176471 0.0344614885779
0.152866242038 0.0344614885779
0.152777777778 0.0344614761811
0.152542372881 0.0342249567362
0.152173913043 0.0343048993764
0.152 0.0342245344802
0.151898734177 0.0342265522774
0.151785714286 0.034227657577
0.151515151515 0.0342283317885
0.150943396226 0.0337549572487
0.150684931507 0.0337052450254
0.150537634409 0.0337052450254
0.150442477876 0.0337059179474
0.15037593985 0.0337059179474
0.150214592275 0.0337059179474
0.15 0.0337059179474
0.149606299213 0.032796473834
0.14953271028 0.032796473834
0.149425287356 0.0328194478609
0.149253731343 0.0328194478609
0.149068322981 0.0328200287791
0.149038461538 0.0328200287791
0.148936170213 0.0329870367196
0.148648648649 0.0330674706854
0.148514851485 0.0330702801205
0.148148148148 0.0330702801205
0.147887323944 0.0328052712897
0.147859922179 0.0328052712897
0.147679324895 0.0327015924211
0.147651006711 0.0327015924211
0.147540983607 0.0327015924211
0.147368421053 0.0325791498981
0.147286821705 0.0325654678762
0.147058823529 0.0325659254142
0.146825396825 0.0323546800381
0.146788990826 0.0323546800381
0.146739130435 0.0323546800381
0.146666666667 0.0323568200305
0.146341463415 0.0323169981588
0.14606741573 0.0323402364482
0.14598540146 0.0323277371792
0.145833333333 0.0323277371792
0.145454545455 0.0322352648739
0.145299145299 0.0322309354613
0.145161290323 0.0322309354613
0.144981412639 0.0322440914615
0.144927536232 0.0322440914615
0.144578313253 0.0322440914615
0.144444444444 0.0322440914615
0.144329896907 0.032291246707
0.144230769231 0.0322917087026
0.144144144144 0.0322917087026
0.14367816092 0.0322917087026
0.142857142857 0.0322917087026
0.141843971631 0.0243357229745
0.141732283465 0.0241599780572
0.141176470588 0.0241599780572
0.141104294479 0.0241599780572
0.141025641026 0.0241633170077
0.140845070423 0.0241633170077
0.140776699029 0.0241599001837
0.140740740741 0.0242013357673
0.140625 0.0242013357673
0.140495867769 0.0241239875267
0.140350877193 0.0241239875267
0.140186915888 0.0241216400646
0.140127388535 0.0241278776464
0.14 0.0241289381759
0.139784946237 0.0241464855052
0.139534883721 0.0241464855052
0.139344262295 0.0240997531104
0.139240506329 0.0241001065188
0.138888888889 0.0241163066108
0.138728323699 0.0240807802429
0.138686131387 0.0240807802429
0.138613861386 0.0240807802429
0.138461538462 0.0240807802429
0.138364779874 0.0240818366629
0.138157894737 0.0241233913033
0.137931034483 0.0241240952417
0.137724550898 0.0243310157009
0.137614678899 0.0243310157009
0.1375 0.0243416142711
0.137440758294 0.0243153160491
0.137339055794 0.0243156684006
0.137254901961 0.0243156684006
0.137096774194 0.0243422376332
0.13698630137 0.0242731859663
0.136842105263 0.0242735371062
0.136752136752 0.0242895064044
0.13671875 0.0242895064044
0.136690647482 0.0242902093373
0.136363636364 0.0242902093373
0.136 0.0234537626002
0.135802469136 0.023451301159
0.135593220339 0.0234515447497
0.135416666667 0.0234473194207
0.135338345865 0.0234996752357
0.135135135135 0.0234999484036
0.135 0.0231564641572
0.134831460674 0.0231564641572
0.13475177305 0.0231564641572
0.134615384615 0.0231564641572
0.134328358209 0.0231633549696
0.134146341463 0.0231633549696
0.133802816901 0.0231633549696
0.133757961783 0.0231633549696
0.133720930233 0.0231633549696
0.133333333333 0.023163621829
0.132867132867 0.0222148016091
0.1328125 0.0222611790571
0.132743362832 0.0222611790571
0.132450331126 0.0222611790571
0.132352941176 0.0222611790571
0.132183908046 0.0222611790571
0.132075471698 0.0222614185918
0.131868131868 0.0222208816231
0.131578947368 0.0222208816231
0.131313131313 0.0220211007808
0.131147540984 0.0220211007808
0.131034482759 0.0215148664694
0.130952380952 0.0215068446091
0.130841121495 0.021507084442
0.130769230769 0.021507084442
0.130718954248 0.0215073329472
0.130434782609 0.0215229509749
0.130081300813 0.0217692028208
0.13 0.0217692028208
0.129943502825 0.0217975791404
0.12987012987 0.0217975791404
0.12972972973 0.0217975791404
0.129707112971 0.0218053163106
0.12962962963 0.0218053163106
0.129533678756 0.0218055560458
0.129411764706 0.0218055560458
0.12927756654 0.0218055560458
0.12925170068 0.0218065944337
0.129032258065 0.0218065944337
0.128712871287 0.0215429300302
0.12865497076 0.0215429300302
0.128571428571 0.0215429300302
0.128440366972 0.021543074775
0.128378378378 0.0215479378093
0.128342245989 0.0215479378093
0.128205128205 0.0215491112632
0.128 0.0213763643642
0.127906976744 0.0213734957469
0.127819548872 0.0213734957469
0.127777777778 0.0213734957469
0.127659574468 0.0213734957469
0.127450980392 0.0212669830263
0.127272727273 0.0212669830263
0.127118644068 0.0210053474054
0.126984126984 0.0210055890066
0.12676056338 0.0210502119428
0.126582278481 0.0210502119428
0.126436781609 0.0210492663213
0.126373626374 0.0210494797954
0.126213592233 0.0210434855052
0.126126126126 0.0210434855052
0.126050420168 0.0210443742961
0.125925925926 0.0210443742961
0.125874125874 0.0210443742961
0.125475285171 0.0210443742961
0.125 0.0210443742961
0.124423963134 0.015496106962
0.124378109453 0.0154793817136
0.124293785311 0.0154794833313
0.124183006536 0.0154794833313
0.124137931034 0.0154794833313
0.124087591241 0.0154794833313
0.124031007752 0.0154796866008
0.123966942149 0.0154796866008
0.12389380531 0.0154799915902
0.12380952381 0.015480093276
0.123711340206 0.015480093276
0.123595505618 0.015480093276
0.123456790123 0.0154803984015
0.123287671233 0.0154803984015
0.123188405797 0.0154735728386
0.123076923077 0.0154735728386
0.122950819672 0.0153748631264
0.122807017544 0.0153748631264
0.122641509434 0.0153740851067
0.122549019608 0.0151957965837
0.122529644269 0.0151950859255
0.122448979592 0.01519586146
0.122222222222 0.0151608454526
0.12213740458 0.0151608454526
0.121951219512 0.0151610393619
0.121621621622 0.0150200102963
0.121212121212 0.0150823279818
0.121052631579 0.01475080073
0.120967741935 0.01475080073
0.120879120879 0.0147508947209
0.120689655172 0.0147508947209
0.120481927711 0.0147725741082
0.12030075188 0.0147725741082
0.12017167382 0.0147729507028
0.12 0.0147730448753
0.119760479042 0.0144072358868
0.119718309859 0.0144072358868
0.119658119658 0.0144074192237
0.119565217391 0.0144074192237
0.119402985075 0.01441451633
0.119318181818 0.01441451633
0.119266055046 0.0144205232637
0.119047619048 0.0144205232637
0.118881118881 0.014424061709
0.118811881188 0.0144234437237
0.11875 0.0144154651929
0.118644067797 0.0144154651929
0.118518518519 0.0142497426191
0.118421052632 0.0142495294192
0.118279569892 0.0141868012664
0.118181818182 0.0141868012664
0.118055555556 0.0141869807022
0.117647058824 0.0141869807022
0.11724137931 0.0135332044602
0.1171875 0.0135333801602
0.117117117117 0.0135333801602
0.117021276596 0.0135334680221
0.116935483871 0.0135334680221
0.116883116883 0.0135336437697
0.116822429907 0.0135344350271
0.116788321168 0.0135344350271
0.116719242902 0.0135344350271
0.116666666667 0.0135344350271
0.116504854369 0.0136459750148
0.116438356164 0.0136459750148
0.116279069767 0.0136459750148
0.116071428571 0.0136770486185
0.116022099448 0.0136770486185
0.115942028986 0.0136766443671
0.115789473684 0.0136857829054
0.115646258503 0.0136866612667
0.115523465704 0.0136868370337
0.115384615385 0.0136845957627
0.115226337449 0.0133947977655
0.115107913669 0.0133947977655
0.115044247788 0.0133947977655
0.114942528736 0.0133666263509
0.114864864865 0.0133667129331
0.114754098361 0.0133667129331
0.114583333333 0.0132489796442
0.114457831325 0.0132491528943
0.114285714286 0.0132494128264
0.114035087719 0.0131714370767
0.113924050633 0.0131716970626
0.113821138211 0.0131290839852
0.11377245509 0.0131263904955
0.113636363636 0.0131263904955
0.113537117904 0.0129308876451
0.113513513514 0.0129308876451
0.113402061856 0.0129308876451
0.11320754717 0.0129308876451
0.113043478261 0.0129304309456
0.112903225806 0.0129304309456
0.112781954887 0.0128756050811
0.112676056338 0.0128756050811
0.112582781457 0.0128756050811
0.1125 0.0128756050811
0.112359550562 0.0127717416371
0.112244897959 0.0127717416371
0.11214953271 0.0127890415886
0.112068965517 0.0127890415886
0.112 0.0127890415886
0.111940298507 0.0127447595722
0.111888111888 0.0127447595722
0.111675126904 0.01274484482
0.111475409836 0.01274484482
0.111111111111 0.0127561903403
0.110576923077 0.010352479166
0.110552763819 0.0103527126596
0.110344827586 0.0103527126596
0.110236220472 0.0103527126596
0.110169491525 0.0103527126596
0.110091743119 0.0103527905025
0.11 0.0103527905025
0.10989010989 0.0103527905025
0.109826589595 0.0103529462059
0.109756097561 0.0103529462059
0.109589041096 0.0103687199603
0.109489051095 0.0102782714792
0.109375 0.0102782714792
0.109090909091 0.0102783494904
0.108974358974 0.0101148400455
0.108910891089 0.0101148400455
0.108843537415 0.0100856810895
0.108786610879 0.01008575847
0.108695652174 0.0101018889085
0.108527131783 0.0100814894545
0.10843373494 0.0100814894545
0.108280254777 0.0100814894545
0.108108108108 0.0100814894545
0.108 0.00988658109486
0.107954545455 0.00988658109486
0.107913669065 0.00988658109486
0.107843137255 0.00988743362895
0.107692307692 0.00988743362895
0.107623318386 0.00978870234757
0.10752688172 0.00978877956481
0.107476635514 0.00978877956481
0.107438016529 0.00978885678751
0.107382550336 0.00978885678751
0.107279693487 0.00978885678751
0.107142857143 0.00978893401568
0.106976744186 0.00945402525491
0.106870229008 0.00945402525491
0.106796116505 0.00945402525491
0.106666666667 0.00945432653558
0.106557377049 0.00945447720715
0.106382978723 0.00949418619727
0.106299212598 0.00948470262116
0.106194690265 0.00948492812027
0.10612244898 0.00948492812027
0.106060606061 0.00948500329699
0.105960264901 0.00953588840472
0.105882352941 0.00953588840472
0.10582010582 0.00953588840472
0.105769230769 0.00953588840472
0.105691056911 0.00953649041892
0.105555555556 0.00953649041892
0.105527638191 0.00953649041892
0.105485232068 0.00953649041892
0.105263157895 0.00953649041892
0.10502283105 0.00866948901427
0.104972375691 0.00867006506587
0.104938271605 0.00867006506587
0.104895104895 0.00867006506587
0.104838709677 0.00867006506587
0.104761904762 0.00867013709275
0.104651162791 0.00867013709275
0.104575163399 0.00867013709275
0.104545454545 0.00867013709275
0.10447761194 0.00867013709275
0.104347826087 0.00867042524565
0.104294478528 0.00867049729523
0.104166666667 0.00867049729523
0.104 0.00867140583032
0.103896103896 0.00867140583032
0.103825136612 0.00867410603284
0.103703703704 0.00867410603284
0.103448275862 0.00867417822528
0.103286384977 0.00863235290673
0.103260869565 0.00863235290673
0.103174603175 0.00863235290673
0.103092783505 0.00863235290673
0.103004291845 0.00863271389001
0.102941176471 0.00863271389001
0.102661596958 0.00858629454458
0.102564102564 0.00858643851202
0.102409638554 0.00846295539035
0.102362204724 0.00846302655343
0.102272727273 0.00846302655343
0.102189781022 0.00846331124916
0.102167182663 0.00846331124916
0.102040816327 0.00846345362308
0.101851851852 0.00844811187151
0.101694915254 0.00844811187151
0.1015625 0.00837465160937
0.101449275362 0.0083752932083
0.101351351351 0.00837615350715
0.101265822785 0.00837636753029
0.101123595506 0.00837651023392
0.101063829787 0.00837736681772
0.10101010101 0.00837736681772
0.100917431193 0.00837779534234
0.100775193798 0.00837786677819
0.10071942446 0.00837793821835
0.10067114094 0.00837793821835
0.100628930818 0.0083780811116
0.100591715976 0.0083780811116
0.100558659218 0.0083780811116
0.1 0.00837815256469
0.0996015936255 0.0058385264679
0.0995260663507 0.00583859404302
0.0995024875622 0.00583859404302
0.0993377483444 0.00581111023685
0.0992907801418 0.00581111023685
0.0992366412214 0.00581111023685
0.099173553719 0.00581111023685
0.0990990990991 0.00581111023685
0.0990099009901 0.00575330232884
0.0989010989011 0.00575336994244
0.0987654320988 0.0057535051808
0.0985915492958 0.00575445226618
0.0985401459854 0.00575506149197
0.0984848484848 0.00575526463422
0.0984455958549 0.00575533235575
0.0983606557377 0.00575533235575
0.0982658959538 0.00574340403942
0.0982142857143 0.00574340403942
0.0981595092025 0.005721037379
0.0980392156863 0.00572124046302
0.0978260869565 0.00572395855756
0.0977443609023 0.00572395855756
0.0977011494253 0.00572395855756
0.0975609756098 0.00572395855756
0.0973451327434 0.00565997126709
0.0972222222222 0.00565997126709
0.0971428571429 0.00563027012596
0.0970873786408 0.00563027012596
0.0970149253731 0.00563067786116
0.0969696969697 0.00563074582986
0.0969387755102 0.00563074582986
0.0967741935484 0.00563074582986
0.0964467005076 0.00553379891352
0.0963855421687 0.00553379891352
0.0962962962963 0.00553379891352
0.0961538461538 0.00553386679543
0.0960451977401 0.00555252530138
0.096 0.00555252530138
0.0958904109589 0.00555252530138
0.0957446808511 0.00555259322451
0.095652173913 0.00555306878821
0.0955414012739 0.00555306878821
0.0952380952381 0.00555306878821
0.0949367088608 0.00534605316786
0.0948905109489 0.00534605316786
0.0948275862069 0.00534639133513
0.0947867298578 0.00534639133513
0.0947368421053 0.00534639133513
0.0945945945946 0.00534659427829
0.0944881889764 0.00534659427829
0.0943396226415 0.00534659427829
0.0941176470588 0.005333207717
0.0940170940171 0.00529429957181
0.0939597315436 0.00529429957181
0.09375 0.00529504137103
0.0935251798561 0.00514262278158
0.0934579439252 0.00514262278158
0.0933333333333 0.0050797235526
0.0932642487047 0.00506510402402
0.0932203389831 0.00506510402402
0.0931899641577 0.00506510402402
0.0931677018634 0.00506510402402
0.093023255814 0.00506510402402
0.0928961748634 0.00506736810442
0.0928792569659 0.00506783966575
0.0928571428571 0.00506783966575
0.0927835051546 0.00506783966575
0.0927152317881 0.0050747198882
0.0926829268293 0.0050747198882
0.0925925925926 0.0050747198882
0.0924369747899 0.00507519152814
0.0924092409241 0.00507519152814
0.0923913043478 0.00507519152814
0.0923076923077 0.00507519152814
0.0921985815603 0.00507559592599
0.0921052631579 0.00507559592599
0.0920245398773 0.00507566333776
0.0919540229885 0.00507573075298
0.0918367346939 0.00509526781984
0.0917874396135 0.00509540275765
0.0917431192661 0.0050955377093
0.0917030567686 0.00509560519032
0.0916666666667 0.00509560519032
0.0916030534351 0.00509567267481
0.0915492957746 0.00509580765417
0.0915032679739 0.00509580765417
0.0914285714286 0.00509580765417
0.0913705583756 0.00509587514904
0.0911949685535 0.00509587514904
0.0909090909091 0.00509655028825
0.0906040268456 0.00354622713136
0.0905660377358 0.00354622713136
0.0904977375566 0.00354622713136
0.090395480226 0.00354622713136
0.0903614457831 0.00354622713136
0.0902777777778 0.00354622713136
0.0902255639098 0.00354629295467
0.0901639344262 0.00354629295467
0.0901287553648 0.00354642461086
0.0900900900901 0.00354642461086
0.09 0.00354642461086
0.0898876404494 0.00354655627981
0.0897959183673 0.00354662211907
0.0897435897436 0.00354662211907
0.0896551724138 0.00354708308315
0.089552238806 0.00354708308315
0.0894308943089 0.00353205795316
0.0892857142857 0.00353218974327
0.089219330855 0.00353317857567
0.0892018779343 0.00353317857567
0.0891719745223 0.00353317857567
0.0891472868217 0.00353337642824
0.0891089108911 0.00353337642824
0.0890410958904 0.00353337642824
0.0890052356021 0.00353337642824
0.0889830508475 0.00353337642824
0.0888888888889 0.00353337642824
0.088785046729 0.00353054827794
0.0887573964497 0.00353061427522
0.0887096774194 0.00353061427522
0.0886075949367 0.00353061427522
0.0884955752212 0.00353061427522
0.0884353741497 0.00353061427522
0.0883977900552 0.00353068027567
0.0882352941176 0.00353068027567
0.0881057268722 0.00353150556317
0.0880829015544 0.00353150556317
0.0880503144654 0.00353150556317
0.088 0.00353150556317
0.0879120879121 0.00353150556317
0.0878378378378 0.00353150556317
0.0878048780488 0.00353150556317
0.0877192982456 0.00353150556317
0.0875576036866 0.00353254639421
0.0875 0.00353254639421
0.0873786407767 0.00353267863674
0.0873015873016 0.00353267863674
0.0872483221477 0.00353267863674
0.0869565217391 0.00353267863674
0.0868263473054 0.00353828884306
0.0867579908676 0.00353848779715
0.0867346938776 0.00353855412149
0.0867052023121 0.00353855412149
0.0866666666667 0.00353855412149
0.0866141732283 0.00353855412149
0.0865384615385 0.00353868677964
0.0864197530864 0.00353868677964
0.0863309352518 0.00353877118067
0.0862068965517 0.00353877118067
0.0860927152318 0.00354196389032
0.0860655737705 0.00354196389032
0.0860215053763 0.00354196389032
0.0859728506787 0.00354196389032
0.0859375 0.00354196389032
0.0858895705521 0.00352274636144
0.0858369098712 0.00352274636144
0.0857142857143 0.00352274636144
0.0855263157895 0.00350180158146
0.0855018587361 0.00350180158146
0.0854700854701 0.00350186783336
0.0853658536585 0.00350186783336
0.0852713178295 0.00350206660783
0.0852272727273 0.00350206660783
0.0851063829787 0.00350206660783
0.0850340136054 0.00350239796123
0.085020242915 0.00350239796123
0.085 0.00350239796123
0.0849673202614 0.00350239796123
0.0849056603774 0.00350239796123
0.0848214285714 0.00350239796123
0.0847457627119 0.00350239796123
0.0846153846154 0.00346468467656
0.0845070422535 0.00346468467656
0.084388185654 0.00343632814601
0.0843373493976 0.00343632814601
0.0842105263158 0.0034365929659
0.0841121495327 0.0034365929659
0.0840707964602 0.00343665917862
0.0840336134454 0.00343665917862
0.0839694656489 0.00343665917862
0.0839160839161 0.00343672539445
0.0838709677419 0.00343679161338
0.0838323353293 0.00343679161338
0.0837696335079 0.00343679161338
0.0837438423645 0.00343679161338
0.0837004405286 0.0034368578354
0.0836501901141 0.0034368578354
0.0833333333333 0.0034368578354
0.0830945558739 0.00313706201433
0.0830670926518 0.00313712737712
0.0829493087558 0.00313712737712
0.0829268292683 0.00313712737712
0.0829015544041 0.00313712737712
0.0828402366864 0.00313712737712
0.0827586206897 0.00313719274287
0.0827067669173 0.00313719274287
0.0826446280992 0.00313719274287
0.0825688073394 0.00313719274287
0.0825242718447 0.00313719274287
0.0824742268041 0.00313725811157
0.0823529411765 0.00313738885784
0.082304526749 0.00313758499941
0.0822784810127 0.00313758499941
0.0821917808219 0.00313758499941
0.0820895522388 0.00313791196113
0.0820512820513 0.00313791196113
0.0819672131148 0.00313791196113
0.0818713450292 0.00313810817363
0.0818181818182 0.00313810817363
0.0817610062893 0.00313810817363
0.0816326530612 0.00313810817363
0.0814814814815 0.0030394736765
0.0813953488372 0.0030394736765
0.0813008130081 0.00303967015496
0.08125 0.00303993216762
0.0811808118081 0.00303993216762
0.0810810810811 0.00303999767817
0.0809248554913 0.00304202997104
0.0808823529412 0.00304202997104
0.0808080808081 0.00304202997104
0.0807453416149 0.00304229240924
0.0806451612903 0.00304229240924
0.080604534005 0.00304334263488
0.0804597701149 0.00304334263488
0.0804020100503 0.0030434082991
0.0803571428571 0.0030434082991
0.0802919708029 0.00304347396628
0.0802469135802 0.00304353963641
0.0801393728223 0.00304353963641
0.08 0.00304353963641
0.0798122065728 0.00285866438437
0.0797101449275 0.00285866438437
0.0796812749004 0.00285866438437
0.0796460176991 0.00285866438437
0.0795454545455 0.00285872993814
0.0794979079498 0.00285886105438
0.0794701986755 0.00285886105438
0.0794392523364 0.00285886105438
0.0793650793651 0.00281456595971
0.0792682926829 0.00281522186087
0.0792079207921 0.00281522186087
0.0791666666667 0.00281528746698
0.0791366906475 0.00281528746698
0.0789473684211 0.00281528746698
0.0788381742739 0.00281713684175
0.0787878787879 0.00281713684175
0.0787401574803 0.00281713684175
0.0786516853933 0.00281713684175
0.0785714285714 0.00281713684175
0.078431372549 0.00281713684175
0.0782608695652 0.00281723925781
0.078125 0.00281723925781
0.0780141843972 0.00275122268975
0.0779816513761 0.00275122268975
0.0779220779221 0.00275122268975
0.0778443113772 0.0027516162218
0.0777777777778 0.0027516162218
0.0777202072539 0.00275174742231
0.0776699029126 0.00275174742231
0.0776255707763 0.00275174742231
0.0775862068966 0.00275174742231
0.077519379845 0.00275174742231
0.0774647887324 0.00275174742231
0.0774193548387 0.00275174742231
0.077380952381 0.00275174742231
0.0773480662983 0.00275174742231
0.0772532188841 0.00275174742231
0.0771604938272 0.00275174742231
0.0769230769231 0.00275174742231
0.0765765765766 0.00207073989634
0.0765306122449 0.00207073989634
0.0764331210191 0.00207073989634
0.0763888888889 0.00207073989634
0.0763358778626 0.00207073989634
0.0762711864407 0.00207073989634
0.0762331838565 0.00207073989634
0.0761904761905 0.00207073989634
0.0761421319797 0.00207073989634
0.0760869565217 0.00207073989634
0.0759493670886 0.00207073989634
0.0758620689655 0.00207080464843
0.0758293838863 0.00207080464843
0.0757575757576 0.00207080464843
0.0756756756757 0.00207106368459
0.0756302521008 0.00207106368459
0.0756013745704 0.00207106368459
0.0755555555556 0.00207106368459
0.0754716981132 0.00207106368459
0.0753768844221 0.0020715818903
0.0753424657534 0.0020715818903
0.0752688172043 0.00207164667852
0.0751879699248 0.00207164667852
0.0751445086705 0.00207164667852
0.0750750750751 0.00207164667852
0.075 0.00207164667852
0.0749063670412 0.00207412826898
0.0748299319728 0.00207412826898
0.0748031496063 0.00207412826898
0.0747663551402 0.00207412826898
0.0747330960854 0.00207412826898
0.0746268656716 0.00207412826898
0.0745614035088 0.00207432291329
0.0744680851064 0.00207432291329
0.0744186046512 0.00207438780028
0.0743801652893 0.00207445269005
0.0743243243243 0.00207445269005
0.0742358078603 0.00207445269005
0.0740740740741 0.00207445269005
0.0738916256158 0.00201713573852
0.0738786279683 0.00201713573852
0.0738636363636 0.00201713573852
0.0738255033557 0.00201713573852
0.0737704918033 0.00201713573852
0.0736842105263 0.00201720079419
0.0736196319018 0.00201720079419
0.0735930735931 0.00201720079419
0.0735294117647 0.00201720079419
0.0734693877551 0.00201720079419
0.0734463276836 0.00201720079419
0.0734265734266 0.00201726585264
0.0733944954128 0.00201726585264
0.0733333333333 0.00201726585264
0.0732984293194 0.00201726585264
0.0731707317073 0.00201726585264
0.0730593607306 0.00201967041952
0.0730337078652 0.00201967041952
0.0730158730159 0.00201967041952
0.0729927007299 0.00201967041952
0.0729166666667 0.00201967041952
0.0728476821192 0.00201967041952
0.0727272727273 0.00201967041952
0.0725806451613 0.00202006099265
0.0725388601036 0.00202006099265
0.0724637681159 0.00202006099265
0.0723981900452 0.0020201912058
0.0723684210526 0.0020201912058
0.0722891566265 0.0020201912058
0.0721649484536 0.0020201912058
0.0720720720721 0.0020201912058
0.072 0.0020201912058
0.0719424460432 0.0020201912058
0.0718954248366 0.00202025631653
0.0718562874251 0.00202025631653
0.0717948717949 0.00202025631653
0.0717131474104 0.00202025631653
0.0716981132075 0.00202025631653
0.0714285714286 0.00202025631653
0.0711462450593 0.0016317522208
0.0710900473934 0.0016317522208
0.0710382513661 0.0016317522208
0.0709677419355 0.0016317522208
0.0709219858156 0.0016317522208
0.0708661417323 0.0016317522208
0.070796460177 0.0016317522208
0.0707070707071 0.0016317522208
0.0706713780919 0.0016317522208
0.070652173913 0.0016317522208
0.0705882352941 0.0016317522208
0.0705128205128 0.00160393329889
0.0704225352113 0.00160393329889
0.070351758794 0.00160399810554
0.0703125 0.00160399810554
0.0702702702703 0.00160399810554
0.0702479338843 0.00160399810554
0.0701754385965 0.00160399810554
0.070110701107 0.00160419254162
0.0700934579439 0.00160419254162
0.0700636942675 0.00160419254162
0.07 0.00160419254162
0.0699300699301 0.00160419254162
0.0698924731183 0.00160419254162
0.0697674418605 0.00160419254162
0.069696969697 0.00160522994331
0.0696517412935 0.00160522994331
0.0696202531646 0.00160522994331
0.0695652173913 0.00160522994331
0.0695187165775 0.00160522994331
0.0694444444444 0.00160522994331
0.0693641618497 0.00160522994331
0.0693069306931 0.00160522994331
0.0692640692641 0.0016052948038
0.0692307692308 0.0016052948038
0.0691823899371 0.0016052948038
0.0691489361702 0.0016052948038
0.0691244239631 0.0016052948038
0.0691056910569 0.0016052948038
0.0689655172414 0.0016052948038
0.0688073394495 0.00160850927638
0.0687830687831 0.00160850927638
0.06875 0.00160850927638
0.0687022900763 0.00160850927638
0.068669527897 0.00160857423614
0.0686274509804 0.00160857423614
0.0685714285714 0.00160863919857
0.0684931506849 0.00160863919857
0.0684410646388 0.00160870416369
0.0684210526316 0.0016087691315
0.0683760683761 0.0016087691315
0.0683229813665 0.0016087691315
0.0681818181818 0.0016087691315
0.0681003584229 0.00160936802095
0.068085106383 0.00160936802095
0.0680272108844 0.00160936802095
0.0679611650485 0.00160936802095
0.0678733031674 0.00160936802095
0.0677966101695 0.00160936802095
0.0677083333333 0.00160949795891
0.0676691729323 0.00160949795891
0.0675675675676 0.00160949795891
0.0675105485232 0.00160982285076
0.0674846625767 0.00160982285076
0.0674157303371 0.00160982285076
0.0673575129534 0.00161001781806
0.0673076923077 0.00161001781806
0.0672268907563 0.00161001781806
0.0671641791045 0.00161001781806
0.0671140939597 0.00161001781806
0.0670926517572 0.00161001781806
0.0670731707317 0.00161001781806
0.0670391061453 0.00161001781806
0.066985645933 0.00161001781806
0.0668789808917 0.00161001781806
0.0666666666667 0.00161001781806
0.0664335664336 0.00145677135258
0.0664206642066 0.00145677135258
0.0663265306122 0.00145677135258
0.0663129973475 0.00145677135258
0.066265060241 0.00145677135258
0.0662251655629 0.00145677135258
0.0661764705882 0.00145677135258
0.0661478599222 0.00145677135258
0.0661157024793 0.00145677135258
0.0660377358491 0.0014569003918
0.0659898477157 0.0014569003918
0.0659340659341 0.0014569003918
0.0658682634731 0.0014569003918
0.0657894736842 0.0014569003918
0.0657276995305 0.00145573528684
0.0656934306569 0.00145573528684
0.0656167979003 0.00145573528684
0.0655737704918 0.00145573528684
0.0655021834061 0.00145599266598
0.0654761904762 0.00145599266598
0.0654205607477 0.00145599266598
0.0653594771242 0.001456250087
0.0653266331658 0.001456250087
0.0652173913043 0.001456250087
0.0651162790698 0.00145708699445
0.0650887573964 0.00145708699445
0.0650406504065 0.00145708699445
0.065 0.00145708699445
0.0649350649351 0.00145708699445
0.0648648648649 0.00145715139026
0.0648148148148 0.00145715139026
0.0647482014388 0.00145728018974
0.0645161290323 0.00145728018974
0.0643274853801 0.00145643247611
0.0642857142857 0.00145643247611
0.0642201834862 0.00145649694894
0.0641025641026 0.00145649694894
0.0640569395018 0.00145649694894
0.064 0.00145649694894
0.0639534883721 0.00145649694894
0.0639269406393 0.00145649694894
0.0639097744361 0.00145649694894
0.063829787234 0.00145649694894
0.0637583892617 0.00145701282573
0.0636363636364 0.00145701282573
0.0634920634921 0.00145707732209
0.0634328358209 0.00145714182107
0.0633802816901 0.00145714182107
0.0632911392405 0.00145714182107
0.0632183908046 0.00145714182107
0.0631578947368 0.00145714182107
0.0631067961165 0.00145739984311
0.0630630630631 0.00145739984311
0.0630136986301 0.00145739984311
0.0629921259843 0.00145739984311
0.0629370629371 0.00145739984311
0.062893081761 0.00145739984311
0.0628571428571 0.00145739984311
0.0628272251309 0.00145739984311
0.0627802690583 0.00145739984311
0.0627615062762 0.00145739984311
0.0625 0.00145739984311
0.0622009569378 0.00134287054536
0.0621468926554 0.00134287054536
0.0620689655172 0.00134287054536
0.0620437956204 0.00134287054536
0.062015503876 0.00134293488888
0.0619469026549 0.00134306358367
0.0619047619048 0.00134306358367
0.0618556701031 0.00134306358367
0.061797752809 0.00134306358367
0.0617283950617 0.00134306358367
0.0616740088106 0.00134312793493
0.0616438356164 0.00134312793493
0.0616113744076 0.00134312793493
0.0615384615385 0.00134312793493
0.0614525139665 0.00134364283793
0.0614035087719 0.00134364283793
0.0613718411552 0.00134370721242
0.0613496932515 0.00134370721242
0.0613026819923 0.00134370721242
0.0612244897959 0.00134370721242
0.0610687022901 0.00134428669893
0.0610169491525 0.00134428669893
0.0609756097561 0.00134428669893
0.0609137055838 0.00134428669893
0.0608695652174 0.00134428669893
0.0608365019011 0.00134428669893
0.0608108108108 0.00134428669893
0.0607476635514 0.00134428669893
0.0606060606061 0.00134428669893
0.0604395604396 0.00134636857191
0.0604026845638 0.00134636857191
0.0603448275862 0.00134636857191
0.0602409638554 0.00134636857191
0.0601851851852 0.00134643296616
0.0601503759398 0.00134643296616
0.0601092896175 0.00134643296616
0.06 0.00134643296616
0.059925093633 0.00134694821284
0.059880239521 0.00134694821284
0.0598290598291 0.00134694821284
0.0597826086957 0.00134694821284
0.0597609561753 0.00134694821284
0.0597014925373 0.00134720589795
0.0596026490066 0.00134720589795
0.0595744680851 0.00134720589795
0.0595238095238 0.00134720589795
0.0594594594595 0.00134720589795
0.0594059405941 0.00134720589795
0.0593607305936 0.00134720589795
0.0593220338983 0.00134720589795
0.0592592592593 0.00134720589795
0.0592105263158 0.00134720589795
0.0591715976331 0.00134720589795
0.0591397849462 0.00134720589795
0.0591133004926 0.00134720589795
0.0590909090909 0.00134720589795
0.0590551181102 0.00134720589795
0.0588235294118 0.00134720589795
0.05859375 0.00133664345427
0.0585774058577 0.00133664345427
0.0585365853659 0.00133664345427
0.0585106382979 0.00133664345427
0.0584795321637 0.00133664345427
0.0584415584416 0.00133664345427
0.0583941605839 0.00133664345427
0.0583657587549 0.00133664345427
0.0583333333333 0.00133664345427
0.0582524271845 0.00133664345427
0.0582010582011 0.00133664345427
0.0581395348837 0.00133664345427
0.058064516129 0.00133664345427
0.0580357142857 0.00133664345427
0.0579710144928 0.00133664345427
0.0578947368421 0.00133670756973
0.0578512396694 0.00133677168775
0.0576923076923 0.00133677168775
0.0575916230366 0.00133696405707
0.0575539568345 0.00133696405707
0.0575221238938 0.00133696405707
0.0574712643678 0.00133696405707
0.0574162679426 0.00133696405707
0.0573770491803 0.00133696405707
0.0573248407643 0.00133696405707
0.0572519083969 0.00133709231603
0.0571428571429 0.00133709231603
0.0569620253165 0.00133831128441
0.0569105691057 0.00133831128441
0.0568720379147 0.00133831128441
0.0568181818182 0.00133831128441
0.0567375886525 0.00133831128441
0.0566037735849 0.00133831128441
0.0564971751412 0.00133856802653
0.0564516129032 0.00133856802653
0.0564102564103 0.00133863221843
0.056338028169 0.00133863221843
0.0562770562771 0.00133869641288
0.05625 0.00133869641288
0.0562248995984 0.00133869641288
0.0561797752809 0.00133869641288
0.0561224489796 0.00133869641288
0.0560747663551 0.00133869641288
0.056 0.00133869641288
0.0559440559441 0.00133869641288
0.055900621118 0.00133869641288
0.0558659217877 0.00133869641288
0.0558375634518 0.00133869641288
0.0558139534884 0.00133869641288
0.0557768924303 0.00133869641288
0.0557275541796 0.00133869641288
0.0555555555556 0.00133876060988
0.0552995391705 0.00130043339329
0.0552763819095 0.00130043339329
0.0552486187845 0.00130043339329
0.0551724137931 0.00130043339329
0.0551181102362 0.00130043339329
0.0550458715596 0.00130043339329
0.0550161812298 0.00130049723558
0.055 0.00130049723558
0.0549450549451 0.00130049723558
0.0548780487805 0.00130049723558
0.0547945205479 0.00130049723558
0.0547263681592 0.00130049723558
0.0546875 0.00130049723558
0.0546623794212 0.00130049723558
0.0546448087432 0.00130049723558
0.0546218487395 0.00130049723558
0.0545454545455 0.00130049723558
0.0544554455446 0.00130081648482
0.0544217687075 0.00130081648482
0.0543933054393 0.00130081648482
0.054347826087 0.00130081648482
0.0542986425339 0.00130081648482
0.0542635658915 0.00130081648482
0.0542168674699 0.00130081648482
0.0541871921182 0.00130081648482
0.0541666666667 0.00130081648482
0.0540540540541 0.00130081648482
0.0539419087137 0.00130249561431
0.0539215686275 0.00130249561431
0.0538922155689 0.00130249561431
0.0538461538462 0.00130249561431
0.0538116591928 0.00130249561431
0.0537634408602 0.00130249561431
0.0537190082645 0.00130249561431
0.0536912751678 0.00130255940665
0.0536398467433 0.00130255940665
0.0535714285714 0.00130255940665
0.0535117056856 0.00130255940665
0.0534759358289 0.00130255940665
0.0534351145038 0.00130255940665
0.0533980582524 0.00130255940665
0.0533333333333 0.00130255940665
0.0532544378698 0.00130255940665
0.0531914893617 0.00130255940665
0.0530973451327 0.00130262320151
0.0530612244898 0.00130262320151
0.0530303030303 0.00130262320151
0.0529801324503 0.00130262320151
0.0529411764706 0.00130262320151
0.0529100529101 0.00130262320151
0.0528846153846 0.00130262320151
0.0528634361233 0.00130262320151
0.0528455284553 0.00130262320151
0.0526315789474 0.00130262320151
0.0524193548387 0.00130334892669
0.0524017467249 0.00130334892669
0.052380952381 0.00130334892669
0.0523560209424 0.00130334892669
0.0522875816993 0.00130334892669
0.0522648083624 0.00130334892669
0.0522388059701 0.00130334892669
0.0521739130435 0.00130334892669
0.0521327014218 0.00130334892669
0.0520833333333 0.00130334892669
0.0520231213873 0.00130334892669
0.0519480519481 0.00130334892669
0.0518867924528 0.00130341256094
0.0518518518519 0.00130341256094
0.0518134715026 0.00130341256094
0.051724137931 0.00130341256094
0.0516431924883 0.00130360347866
0.0516129032258 0.00130360347866
0.0515463917526 0.00130360347866
0.0514705882353 0.00130360347866
0.0514285714286 0.00130360347866
0.0514018691589 0.00130360347866
0.0513595166163 0.00130360347866
0.0512820512821 0.00130360347866
0.0511627906977 0.00130424003313
0.0511363636364 0.00130424003313
0.0510948905109 0.00130424003313
0.0510204081633 0.00130424003313
0.0509554140127 0.00130489335674
0.0509259259259 0.00130489335674
0.0508474576271 0.00130489335674
0.0507614213198 0.00130502041923
0.0507246376812 0.00130502041923
0.0506912442396 0.00130502041923
0.0506329113924 0.00130502041923
0.0505836575875 0.00130502041923
0.0505617977528 0.00130502041923
0.0505050505051 0.00130502041923
0.0504587155963 0.00130502041923
0.0504201680672 0.00130502041923
0.0503978779841 0.00130502041923
0.0503597122302 0.00130502041923
0.0503355704698 0.00130502041923
0.0503144654088 0.00130502041923
0.0502793296089 0.00130502041923
0.0502512562814 0.00130502041923
0.0502283105023 0.00130502041923
0.0502092050209 0.00130502041923
0.0501567398119 0.00130502041923
0.05 0.00130502041923
0.0498220640569 0.00127075617828
0.0497925311203 0.00127075617828
0.0497737556561 0.00127075617828
0.0497512437811 0.00127075617828
0.0497237569061 0.00127075617828
0.0496894409938 0.00127075617828
0.0496453900709 0.00127075617828
0.0496183206107 0.00127075617828
0.0495867768595 0.00127075617828
0.0495495495495 0.00127075617828
0.049504950495 0.00127075617828
0.0494505494505 0.00127094597662
0.0493827160494 0.00127094597662
0.0493273542601 0.00127094597662
0.0492957746479 0.00127094597662
0.0492610837438 0.00127094597662
0.0492424242424 0.00127094597662
0.0491803278689 0.00127094597662
0.0491228070175 0.00127100924765
0.0490797546012 0.00127100924765
0.0490196078431 0.00127100924765
0.0489795918367 0.00127100924765
0.048951048951 0.00127100924765
0.0489130434783 0.00127100924765
0.0488888888889 0.00127100924765
0.0488721804511 0.00127100924765
0.0487804878049 0.00127100924765
0.0486725663717 0.00127170539166
0.0486486486486 0.00127170539166
0.0486111111111 0.00127170539166
0.0485829959514 0.00127170539166
0.0485436893204 0.00127170539166
0.0484848484848 0.00127170539166
0.0484581497797 0.00127170539166
0.0484429065744 0.00127170539166
0.0483870967742 0.00127170539166
0.0483271375465 0.00127183199533
0.048309178744 0.00127183199533
0.048275862069 0.00127183199533
0.0481927710843 0.00127183199533
0.048128342246 0.00127183199533
0.0480769230769 0.00127183199533
0.048 0.00127189530086
0.0479452054795 0.00127189530086
0.0479041916168 0.00127195860885
0.0478723404255 0.00127195860885
0.0478468899522 0.00127195860885
0.0478260869565 0.00127195860885
0.0478087649402 0.00127195860885
0.0477941176471 0.00127195860885
0.047619047619 0.00127195860885
0.0474137931034 0.00122599640189
0.0473933649289 0.00122599640189
0.0473684210526 0.00122599640189
0.0473372781065 0.00122599640189
0.0472972972973 0.00122599640189
0.0472440944882 0.00122599640189
0.0472103004292 0.00122599640189
0.0471698113208 0.00122599640189
0.0471204188482 0.00122599640189
0.0471014492754 0.00122599640189
0.0470588235294 0.00122599640189
0.0469798657718 0.00122599640189
0.0469483568075 0.00122599640189
0.0469314079422 0.00122599640189
0.046875 0.00122599640189
0.0468227424749 0.00122605968694
0.0468085106383 0.00122605968694
0.046783625731 0.00122605968694
0.0467625899281 0.00122605968694
0.0467289719626 0.00122605968694
0.0466666666667 0.00122605968694
0.0466321243523 0.00122605968694
0.046511627907 0.00122605968694
0.0463917525773 0.00122746654404
0.046357615894 0.00122746654404
0.0462962962963 0.00122746654404
0.0462427745665 0.00122746654404
0.046204620462 0.00122746654404
0.0461538461538 0.00122746654404
0.0460829493088 0.00122746654404
0.0460526315789 0.00122746654404
0.0459770114943 0.00122746654404
0.0459363957597 0.00122746654404
0.0459183673469 0.00122746654404
0.045871559633 0.00122746654404
0.0458015267176 0.00122746654404
0.0457516339869 0.00122746654404
0.0457142857143 0.00122746654404
0.0456852791878 0.00122746654404
0.0456621004566 0.00122746654404
0.045643153527 0.00122746654404
0.0456273764259 0.00122746654404
0.045584045584 0.00122746654404
0.0454545454545 0.00122746654404
0.0453172205438 0.00122803622596
0.0452830188679 0.00122803622596
0.0452674897119 0.00122803622596
0.0452261306533 0.00122803622596
0.045197740113 0.00122803622596
0.0451612903226 0.00122803622596
0.0451127819549 0.00122803622596
0.0450819672131 0.00122803622596
0.045045045045 0.00122803622596
0.045 0.00122809935068
0.0449826989619 0.00122822560742
0.0449438202247 0.00122822560742
0.0448717948718 0.00122822560742
0.044776119403 0.00122822560742
0.0447284345048 0.00122828873945
0.0446927374302 0.00122828873945
0.0446428571429 0.00122828873945
0.0446096654275 0.00122828873945
0.0445859872611 0.00122828873945
0.0445544554455 0.00122828873945
0.0445344129555 0.00122828873945
0.0444444444444 0.00122828873945
0.0443548387097 0.00122873073201
0.0443349753695 0.00122873073201
0.0443037974684 0.00122873073201
0.0442477876106 0.00122873073201
0.0441988950276 0.00122873073201
0.0441767068273 0.00122885703757
0.0441176470588 0.00122885703757
0.0440677966102 0.00122898335288
0.0440528634361 0.00122898335288
0.0440251572327 0.00122898335288
0.044 0.00122898335288
0.043956043956 0.00122898335288
0.0439024390244 0.00122898335288
0.0438596491228 0.00122898335288
0.0438247011952 0.00122898335288
0.043795620438 0.00122898335288
0.04375 0.00122898335288
0.0437158469945 0.00122898335288
0.0436893203883 0.00122898335288
0.0436681222707 0.00122898335288
0.0436507936508 0.00122898335288
0.0436363636364 0.00122898335288
0.0434782608696 0.00122898335288
0.043321299639 0.00121217187851
0.0433070866142 0.00121217187851
0.04329004329 0.00121217187851
0.0432692307692 0.00121217187851
0.0432432432432 0.00121217187851
0.0432098765432 0.00121217187851
0.0431654676259 0.00121217187851
0.0431266846361 0.00121223489161
0.0431034482759 0.00121223489161
0.0430622009569 0.00121223489161
0.0430463576159 0.00121223489161
0.0430107526882 0.00121223489161
0.04296875 0.00121223489161
0.0429447852761 0.00121223489161
0.0429184549356 0.00121223489161
0.0428571428571 0.00121223489161
0.0428015564202 0.00121223489161
0.0427807486631 0.00121223489161
0.042735042735 0.00121223489161
0.0426829268293 0.00121223489161
0.042654028436 0.00121223489161
0.0425531914894 0.00121223489161
0.0424528301887 0.0012124869683
0.0424242424242 0.0012124869683
0.0423728813559 0.0012124869683
0.042328042328 0.0012124869683
0.0423076923077 0.0012124869683
0.0422535211268 0.0012124869683
0.042194092827 0.00121254999356
0.0421686746988 0.00121254999356
0.0421455938697 0.00121254999356
0.0421052631579 0.00121254999356
0.0420560747664 0.00121254999356
0.0420168067227 0.00121254999356
0.0419847328244 0.00121254999356
0.041958041958 0.00121254999356
0.0419161676647 0.00121254999356
0.0418848167539 0.00121254999356
0.0418604651163 0.00121254999356
0.0418410041841 0.00121254999356
0.041825095057 0.00121254999356
0.0416666666667 0.00121254999356
0.0415094339623 0.0012120490311
0.0414937759336 0.0012120490311
0.0414507772021 0.0012120490311
0.0414201183432 0.0012120490311
0.0413793103448 0.0012120490311
0.0413223140496 0.0012120490311
0.0412844036697 0.0012120490311
0.0412371134021 0.0012120490311
0.0411985018727 0.0012120490311
0.0411764705882 0.0012120490311
0.041095890411 0.0012120490311
0.0410256410256 0.0012120490311
0.0409836065574 0.0012120490311
0.0409356725146 0.0012120490311
0.0409090909091 0.0012120490311
0.0408163265306 0.0012120490311
0.0407407407407 0.00121211198853
0.0406976744186 0.00121211198853
0.0406504065041 0.00121211198853
0.040625 0.00121211198853
0.0406091370558 0.00121211198853
0.0405405405405 0.00121211198853
0.0404624277457 0.00121211198853
0.0404411764706 0.00121211198853
0.040404040404 0.00121211198853
0.0403587443946 0.00121211198853
0.0403225806452 0.00121211198853
0.0402684563758 0.00121211198853
0.0402298850575 0.00121211198853
0.0402010050251 0.00121211198853
0.0401785714286 0.00121211198853
0.04 0.00121211198853
0.0398550724638 0.00121192475808
0.0398406374502 0.00121192475808
0.0398230088496 0.00121192475808
0.0398009950249 0.00121192475808
0.0397727272727 0.00121192475808
0.0397350993377 0.00121192475808
0.0396825396825 0.00121192475808
0.0396600566572 0.00121192475808
0.0396475770925 0.00121192475808
0.039603960396 0.00121192475808
0.0395683453237 0.00121192475808
0.0395480225989 0.00121192475808
0.0394736842105 0.00121192475808
0.0394265232975 0.00121192475808
0.0394088669951 0.00121192475808
0.0393700787402 0.00121192475808
0.0393258426966 0.00121192475808
0.0393013100437 0.00121192475808
0.0392156862745 0.00121192475808
0.0391459074733 0.00121192475808
0.0391304347826 0.00121192475808
0.0391061452514 0.00121192475808
0.0390625 0.00121192475808
0.0390243902439 0.00121192475808
0.038961038961 0.00121192475808
0.0388888888889 0.00121192475808
0.0388349514563 0.00121192475808
0.0387596899225 0.00121192475808
0.0387323943662 0.00121192475808
0.0387096774194 0.00121192475808
0.0386740331492 0.00121192475808
0.0386473429952 0.00121192475808
0.0385852090032 0.00121192475808
0.0384615384615 0.00121192475808
0.0382978723404 0.00121205114258
0.0382775119617 0.00121205114258
0.0382513661202 0.00121205114258
0.0382165605096 0.00121205114258
0.0381679389313 0.00121205114258
0.0381355932203 0.00121205114258
0.0380952380952 0.00121205114258
0.0380434782609 0.00121205114258
0.0379746835443 0.00121205114258
0.0379146919431 0.00121205114258
0.0378787878788 0.00121205114258
0.0378378378378 0.00121205114258
0.0378006872852 0.00121205114258
0.0377906976744 0.00121205114258
0.0377358490566 0.00121205114258
0.0376569037657 0.00121211406619
0.0376344086022 0.00121211406619
0.0375939849624 0.00121211406619
0.037558685446 0.00121211406619
0.037542662116 0.00121211406619
0.0375 0.00121211406619
0.0374531835206 0.00121211406619
0.0374331550802 0.00121211406619
0.0374149659864 0.00121211406619
0.0373831775701 0.00121211406619
0.0373443983402 0.00121211406619
0.0373333333333 0.00121211406619
0.0373134328358 0.00121211406619
0.0372670807453 0.00121211406619
0.0372340425532 0.00121211406619
0.0372093023256 0.00121211406619
0.0371900826446 0.00121211406619
0.037037037037 0.00121211406619
0.0369003690037 0.00121073594024
0.0368852459016 0.00121073594024
0.036866359447 0.00121073594024
0.0368421052632 0.00121073594024
0.0368098159509 0.00121073594024
0.0367647058824 0.00121073594024
0.0367346938776 0.00121073594024
0.0366972477064 0.00121073594024
0.0366492146597 0.00121073594024
0.0365853658537 0.00121073594024
0.0365448504983 0.00121073594024
0.0365296803653 0.00121073594024
0.036496350365 0.00121073594024
0.0364583333333 0.00121073594024
0.0364372469636 0.00121073594024
0.0363636363636 0.00121073594024
0.0362903225806 0.00121079874548
0.0362694300518 0.00121079874548
0.036231884058 0.00121079874548
0.0361990950226 0.00121079874548
0.0361445783133 0.00121079874548
0.0361010830325 0.00121079874548
0.0360824742268 0.00121079874548
0.036036036036 0.00121079874548
0.036 0.00121079874548
0.0359712230216 0.00121079874548
0.0359281437126 0.00121079874548
0.0358974358974 0.00121079874548
0.0358744394619 0.00121079874548
0.0358208955224 0.00121079874548
0.0357142857143 0.00121079874548
0.0355731225296 0.00121042493058
0.0355555555556 0.00121042493058
0.0355329949239 0.00121042493058
0.0355029585799 0.00121042493058
0.0354609929078 0.00121042493058
0.0354330708661 0.00121042493058
0.0354223433243 0.00121042493058
0.0353982300885 0.00121042493058
0.0353535353535 0.00121042493058
0.0353356890459 0.00121042493058
0.0352941176471 0.00121042493058
0.0352112676056 0.00121042493058
0.035175879397 0.00121042493058
0.03515625 0.00121042493058
0.0350877192982 0.00121042493058
0.0350194552529 0.00121048769007
0.035 0.00121048769007
0.0349854227405 0.00121048769007
0.034965034965 0.00121048769007
0.0348837209302 0.00121048769007
0.0348432055749 0.00121048769007
0.0348258706468 0.00121048769007
0.0347826086957 0.00121048769007
0.034749034749 0.00121048769007
0.0347222222222 0.00121048769007
0.0346820809249 0.00121048769007
0.0346534653465 0.00121048769007
0.0346153846154 0.00121048769007
0.0344827586207 0.00121048769007
0.0343511450382 0.00121017547291
0.0343347639485 0.00121017547291
0.0343137254902 0.00121017547291
0.0342857142857 0.00121017547291
0.0342465753425 0.00121017547291
0.034188034188 0.00121017547291
0.0341463414634 0.00121023820593
0.0340909090909 0.00121023820593
0.0340557275542 0.00121023820593
0.0340136054422 0.00121023820593
0.0339805825243 0.00121023820593
0.0339622641509 0.00121023820593
0.0338983050847 0.00121023820593
0.0338345864662 0.00121030094137
0.0338164251208 0.00121030094137
0.0337837837838 0.00121030094137
0.0337552742616 0.00121030094137
0.0337078651685 0.00121030094137
0.03367003367 0.00121030094137
0.0336538461538 0.00121030094137
0.0336391437309 0.00121030094137
0.0336134453782 0.00121030094137
0.0335820895522 0.00121030094137
0.0335570469799 0.00121030094137
0.0335195530726 0.00121030094137
0.0334928229665 0.00121030094137
0.0334728033473 0.00121030094137
0.0333333333333 0.00121030094137
0.0332103321033 0.00110946269619
0.0331950207469 0.00110946269619
0.0331753554502 0.00110946269619
0.0331491712707 0.00110946269619
0.0331125827815 0.00110946269619
0.0330882352941 0.00110946269619
0.0330578512397 0.00110946269619
0.0330188679245 0.00110946269619
0.032967032967 0.00110946269619
0.0328947368421 0.00110946269619
0.0328638497653 0.00110946269619
0.0328467153285 0.00110946269619
0.0327868852459 0.00110946269619
0.0327102803738 0.00110946269619
0.0326797385621 0.00110946269619
0.0326409495549 0.00110946269619
0.0326086956522 0.00110946269619
0.0325581395349 0.00110946269619
0.0325203252033 0.00110946269619
0.0324909747292 0.00110946269619
0.0324675324675 0.00110946269619
0.0324324324324 0.00110946269619
0.0324074074074 0.00110946269619
0.0323886639676 0.00110946269619
0.0322580645161 0.00110946269619
0.0321428571429 0.00110902652612
0.0321285140562 0.00110902652612
0.0321100917431 0.00110902652612
0.0320855614973 0.00110902652612
0.0320512820513 0.00110902652612
0.032 0.00110902652612
0.0319634703196 0.00110902652612
0.031914893617 0.00110902652612
0.0318725099602 0.00110902652612
0.031847133758 0.00110902652612
0.0318181818182 0.00110902652612
0.0318021201413 0.00110902652612
0.031746031746 0.00110902652612
0.0316742081448 0.00110915183595
0.0316455696203 0.00110915183595
0.0316205533597 0.00110915183595
0.0315789473684 0.00110915183595
0.0314960629921 0.00110915183595
0.0314465408805 0.00110915183595
0.0314136125654 0.00110915183595
0.0313901345291 0.00110915183595
0.0313725490196 0.00110915183595
0.0313588850174 0.00110915183595
0.03125 0.00110915183595
0.0311284046693 0.00110840396339
0.0311111111111 0.00110840396339
0.0310880829016 0.00110840396339
0.0310734463277 0.00110840396339
0.0310559006211 0.00110840396339
0.031007751938 0.00110840396339
0.0309734513274 0.00110840396339
0.0309278350515 0.00110840396339
0.030888030888 0.00110840396339
0.0308641975309 0.00110840396339
0.0308370044053 0.00110840396339
0.0307692307692 0.00110840396339
0.0306748466258 0.00110840396339
0.0306513409962 0.00110840396339
0.030612244898 0.00110840396339
0.0305676855895 0.00110840396339
0.030534351145 0.00110840396339
0.030487804878 0.00110840396339
0.0304568527919 0.00110840396339
0.0304347826087 0.00110840396339
0.0304182509506 0.00110840396339
0.030303030303 0.00110840396339
0.0301886792453 0.0011084665595
0.0301724137931 0.0011084665595
0.0301507537688 0.0011084665595
0.0301204819277 0.0011084665595
0.0300751879699 0.0011084665595
0.0300429184549 0.0011084665595
0.03 0.0011084665595
0.0299401197605 0.0011084665595
0.0299145299145 0.0011084665595
0.0298507462687 0.0011084665595
0.0298013245033 0.0011084665595
0.0297872340426 0.0011084665595
0.0297619047619 0.0011084665595
0.0297397769517 0.0011084665595
0.029702970297 0.0011084665595
0.0296296296296 0.0011084665595
0.0296052631579 0.0011084665595
0.0295857988166 0.0011084665595
0.0295566502463 0.0011084665595
0.029520295203 0.0011084665595
0.0294117647059 0.0011084665595
0.029304029304 0.00110740930981
0.0292887029289 0.00110740930981
0.0292682926829 0.00110740930981
0.0292397660819 0.00110740930981
0.029197080292 0.00110740930981
0.0291666666667 0.00110740930981
0.0291262135922 0.00110740930981
0.0290697674419 0.00110740930981
0.0290456431535 0.00110740930981
0.0289855072464 0.00110740930981
0.0289256198347 0.00110740930981
0.028901734104 0.00110740930981
0.028880866426 0.00110740930981
0.0288461538462 0.00110740930981
0.028818443804 0.00110740930981
0.0287769784173 0.00110740930981
0.0287356321839 0.00110740930981
0.0287081339713 0.00110740930981
0.0285714285714 0.00110740930981
0.0284697508897 0.00110722291854
0.0284552845528 0.00110722291854
0.0284360189573 0.00110722291854
0.0284090909091 0.00110722291854
0.0283687943262 0.00110722291854
0.0283400809717 0.00110722291854
0.0283018867925 0.00110722291854
0.0282685512367 0.00110722291854
0.0282485875706 0.00110722291854
0.0282352941176 0.00110722291854
0.0282258064516 0.00110722291854
0.0281690140845 0.00110722291854
0.0281124497992 0.00110722291854
0.0280898876404 0.00110722291854
0.0280701754386 0.00110722291854
0.0280373831776 0.00110722291854
0.028 0.00110722291854
0.027972027972 0.00110722291854
0.0279329608939 0.00110722291854
0.0279069767442 0.00110722291854
0.0278884462151 0.00110722291854
0.0278745644599 0.00110722291854
0.0277777777778 0.00110722291854
0.0276679841897 0.00106135962271
0.0276497695853 0.00106135962271
0.0276243093923 0.00106135962271
0.0275862068966 0.00106135962271
0.0275590551181 0.00106135962271
0.0275229357798 0.00106135962271
0.0274914089347 0.00106135962271
0.0274725274725 0.00106135962271
0.0274509803922 0.00106135962271
0.027397260274 0.00106135962271
0.0273556231003 0.00106135962271
0.02734375 0.00106135962271
0.0273224043716 0.00106135962271
0.0272727272727 0.00106135962271
0.0272373540856 0.00106135962271
0.0272108843537 0.00106135962271
0.0271739130435 0.00106135962271
0.027149321267 0.00106135962271
0.0271317829457 0.00106135962271
0.0271186440678 0.00106135962271
0.027027027027 0.00106135962271
0.0269461077844 0.000960650089459
0.0269058295964 0.000960650089459
0.0268817204301 0.000960650089459
0.0268456375839 0.000960650089459
0.0268199233716 0.000960650089459
0.0267857142857 0.000960650089459
0.0267379679144 0.000960650089459
0.0267175572519 0.000960650089459
0.0266666666667 0.000960650089459
0.0266159695817 0.000960650089459
0.0265957446809 0.000960650089459
0.0265486725664 0.000960650089459
0.0265151515152 0.000960650089459
0.0264900662252 0.000960650089459
0.026455026455 0.000960650089459
0.0264317180617 0.000960650089459
0.026402640264 0.000960650089459
0.0263157894737 0.000960650089459
0.0262172284644 0.000960093244965
0.0261780104712 0.000960093244965
0.0261627906977 0.000960093244965
0.0261437908497 0.000960093244965
0.0260869565217 0.000960093244965
0.0260416666667 0.000960093244965
0.025974025974 0.000960093244965
0.0259259259259 0.000960093244965
0.0259067357513 0.000960093244965
0.0258620689655 0.000960093244965
0.0258064516129 0.000960093244965
0.0257731958763 0.000960093244965
0.0257510729614 0.000960093244965
0.0257352941176 0.000960093244965
0.025641025641 0.000960093244965
0.0255813953488 0.000957934355629
0.0255102040816 0.000957934355629
0.0254957507082 0.000957934355629
0.0254777070064 0.000957934355629
0.0254237288136 0.000957934355629
0.0253807106599 0.000957934355629
0.0253164556962 0.000957934355629
0.0252707581227 0.000957934355629
0.0252525252525 0.000957934355629
0.0252100840336 0.000957934355629
0.0251798561151 0.000957934355629
0.0251572327044 0.000957934355629
0.0251256281407 0.000957934355629
0.0251046025105 0.000957934355629
0.0250896057348 0.000957934355629
0.025 0.000957934355629
0.0248962655602 0.000957749715268
0.0248756218905 0.000957749715268
0.0248447204969 0.000957749715268
0.0247933884298 0.000957749715268
0.0247524752475 0.000957749715268
0.0247349823322 0.000957749715268
0.0246913580247 0.000957749715268
0.0246478873239 0.000957749715268
0.0246305418719 0.000957749715268
0.0246153846154 0.000957749715268
0.0245901639344 0.000957749715268
0.0245614035088 0.000957749715268
0.0245398773006 0.000957749715268
0.0245098039216 0.000957749715268
0.0244897959184 0.000957749715268
0.0244755244755 0.000957749715268
0.0243902439024 0.000957749715268
0.0242914979757 0.000857411907473
0.0242718446602 0.000857411907473
0.0242424242424 0.000857411907473
0.0241935483871 0.000857411907473
0.024154589372 0.000857411907473
0.0240963855422 0.000857411907473
0.0240549828179 0.000857411907473
0.0240384615385 0.000857411907473
0.024 0.000857411907473
0.0239520958084 0.000857411907473
0.0239234449761 0.000857411907473
0.0239043824701 0.000857411907473
0.0238907849829 0.000857411907473
0.0238095238095 0.000857411907473
0.0237154150198 0.0008572894291
0.0236966824645 0.0008572894291
0.0236686390533 0.0008572894291
0.0236220472441 0.0008572894291
0.023598820059 0.0008572894291
0.0235849056604 0.0008572894291
0.023569023569 0.0008572894291
0.0235602094241 0.0008572894291
0.0235294117647 0.0008572894291
0.0234899328859 0.0008572894291
0.0234741784038 0.0008572894291
0.0234375 0.0008572894291
0.0234113712375 0.0008572894291
0.0233918128655 0.0008572894291
0.0233644859813 0.0008572894291
0.0233463035019 0.0008572894291
0.0233236151603 0.0008572894291
0.0232558139535 0.0008572894291
0.023166023166 0.000857166992727
0.0231481481481 0.000857166992727
0.0231213872832 0.000857166992727
0.0230769230769 0.000857166992727
0.0230414746544 0.000857166992727
0.0230263157895 0.000857166992727
0.0229885057471 0.000857166992727
0.0229357798165 0.000857166992727
0.0229007633588 0.000857166992727
0.0228571428571 0.000857166992727
0.0228310502283 0.000857166992727
0.0228013029316 0.000857166992727
0.0227272727273 0.000857166992727
0.0226628895184 0.000857229064834
0.0226244343891 0.000857229064834
0.0225988700565 0.000857229064834
0.0225563909774 0.000857229064834
0.0225225225225 0.000857229064834
0.0224719101124 0.000857229064834
0.0223880597015 0.000857229064834
0.0223463687151 0.000857229064834
0.0223214285714 0.000857229064834
0.0223048327138 0.000857229064834
0.0222222222222 0.000857229064834
0.0221402214022 0.000857044598334
0.0221238938053 0.000857044598334
0.0220994475138 0.000857044598334
0.0220588235294 0.000857044598334
0.0220264317181 0.000857044598334
0.021978021978 0.000857044598334
0.0219298245614 0.000857044598334
0.021897810219 0.000857044598334
0.021875 0.000857044598334
0.0218579234973 0.000857044598334
0.0218446601942 0.000857044598334
0.0218340611354 0.000857044598334
0.0218181818182 0.000857044598334
0.0217983651226 0.000857044598334
0.0217391304348 0.000857044598334
0.0216606498195 0.000857044598334
0.021645021645 0.000857044598334
0.0216216216216 0.000857044598334
0.0215827338129 0.000857044598334
0.0215517241379 0.000857044598334
0.0215053763441 0.000857044598334
0.0214592274678 0.000857044598334
0.0214285714286 0.000857044598334
0.0213903743316 0.000857044598334
0.0213675213675 0.000857044598334
0.0212765957447 0.000857044598334
0.0212014134276 0.000856737904652
0.021186440678 0.000856737904652
0.021164021164 0.000856737904652
0.0211267605634 0.000856737904652
0.0210970464135 0.000856737904652
0.0210526315789 0.000856737904652
0.0210084033613 0.000856737904652
0.020979020979 0.000856737904652
0.020942408377 0.000856737904652
0.0209205020921 0.000856737904652
0.0208333333333 0.000856737904652
0.0207468879668 0.000856185302338
0.020725388601 0.000856185302338
0.0206896551724 0.000856185302338
0.0206611570248 0.000856185302338
0.020618556701 0.000856185302338
0.0205761316872 0.000856185302338
0.0205479452055 0.000856185302338
0.0205128205128 0.000856185302338
0.0204918032787 0.000856185302338
0.0204081632653 0.000856185302338
0.0203389830508 0.000856185302338
0.020325203252 0.000856185302338
0.0203045685279 0.000856185302338
0.0202702702703 0.000856185302338
0.0202429149798 0.000856185302338
0.020202020202 0.000856185302338
0.0201612903226 0.000856185302338
0.0201342281879 0.000856185302338
0.0201005025126 0.000856185302338
0.0200803212851 0.000856185302338
0.0200573065903 0.000856185302338
0.02 0.000856185302338
0.0199203187251 0.000856185302338
0.0199004975124 0.000856185302338
0.0198675496689 0.000856185302338
0.0198412698413 0.000856185302338
0.019801980198 0.000856185302338
0.0197628458498 0.000856185302338
0.0197368421053 0.000856185302338
0.0197044334975 0.000856185302338
0.0196850393701 0.000856185302338
0.0196078431373 0.000856185302338
0.01953125 0.00085581725162
0.019512195122 0.00085581725162
0.0194805194805 0.00085581725162
0.0194552529183 0.00085581725162
0.0194174757282 0.00085581725162
0.0193798449612 0.00085581725162
0.0193548387097 0.00085581725162
0.0193236714976 0.00085581725162
0.0192307692308 0.00085581725162
0.0191570881226 0.000855879205608
0.0191387559809 0.000855879205608
0.0191082802548 0.000855879205608
0.0190839694656 0.000855879205608
0.0190476190476 0.000855879205608
0.0190114068441 0.000855879205608
0.0189873417722 0.000855879205608
0.0189573459716 0.000855879205608
0.0189393939394 0.000855879205608
0.0188679245283 0.000855879205608
0.0188087774295 0.000855695270053
0.0187969924812 0.000855695270053
0.018779342723 0.000855695270053
0.01875 0.000855695270053
0.018691588785 0.000855695270053
0.0186567164179 0.000855695270053
0.0186335403727 0.000855695270053
0.0186046511628 0.000855695270053
0.0185185185185 0.000855695270053
0.0184615384615 0.000855695270053
0.0184501845018 0.000855695270053
0.0184331797235 0.000855695270053
0.0184049079755 0.000855695270053
0.0183823529412 0.000855695270053
0.0183486238532 0.000855695270053
0.018315018315 0.000855695270053
0.0182926829268 0.000855695270053
0.0182648401826 0.000855695270053
0.0182481751825 0.000855695270053
0.0181818181818 0.000855695270053
0.018115942029 0.000855757211087
0.0180995475113 0.000855757211087
0.0180722891566 0.000855757211087
0.0180505415162 0.000855757211087
0.018018018018 0.000855757211087
0.0179640718563 0.000855757211087
0.0179372197309 0.000855757211087
0.0179104477612 0.000855757211087
0.0178571428571 0.000855757211087
0.0177777777778 0.000855757211087
0.0177514792899 0.000855757211087
0.0177304964539 0.000855757211087
0.0176991150442 0.000855757211087
0.0176470588235 0.000855757211087
0.0176211453744 0.000855757211087
0.0175438596491 0.000855757211087
0.0174825174825 0.000855757211087
0.0174672489083 0.000855757211087
0.0174418604651 0.000855757211087
0.0174216027875 0.000855757211087
0.0173913043478 0.000855757211087
0.0173611111111 0.000855757211087
0.0173410404624 0.000855757211087
0.017316017316 0.000855757211087
0.0172413793103 0.000855757211087
0.0171919770774 0.000855757211087
0.0171821305842 0.000855757211087
0.0171673819742 0.000855757211087
0.0171428571429 0.000855757211087
0.017094017094 0.000855757211087
0.0170648464164 0.000855757211087
0.0170454545455 0.000855757211087
0.0170212765957 0.000855757211087
0.0169491525424 0.000855757211087
0.0168776371308 0.000855757211087
0.0168539325843 0.000855757211087
0.0168067226891 0.000855757211087
0.0167785234899 0.000855757211087
0.0167597765363 0.000855757211087
0.0167364016736 0.000855757211087
0.0166666666667 0.000855757211087
0.0165975103734 0.000855573330252
0.0165745856354 0.000855573330252
0.0165562913907 0.000855573330252
0.0165289256198 0.000855573330252
0.016501650165 0.000855573330252
0.0164835164835 0.000855573330252
0.0164609053498 0.000855573330252
0.0164473684211 0.000855573330252
0.016393442623 0.000855573330252
0.016339869281 0.000855573330252
0.0163265306122 0.000855573330252
0.0163043478261 0.000855573330252
0.0162866449511 0.000855573330252
0.0162601626016 0.000855573330252
0.0162162162162 0.000855573330252
0.0161943319838 0.000855573330252
0.0161290322581 0.000855573330252
0.0160642570281 0.000855573330252
0.0160427807487 0.000855573330252
0.0160256410256 0.000855573330252
0.016 0.000855573330252
0.0159574468085 0.000855573330252
0.0159362549801 0.000855573330252
0.0159151193634 0.000855573330252
0.015873015873 0.000855573330252
0.0158102766798 0.000855573330252
0.0157894736842 0.000855573330252
0.0157728706625 0.000855573330252
0.0157480314961 0.000855573330252
0.0157068062827 0.000855573330252
0.0156862745098 0.000855573330252
0.015625 0.000855573330252
0.0155844155844 0.000855389519435
0.0155763239875 0.000855389519435
0.0155642023346 0.000855389519435
0.0155440414508 0.000855389519435
0.015503875969 0.000855389519435
0.0154639175258 0.000855389519435
0.015444015444 0.000855389519435
0.0153846153846 0.000855389519435
0.0153256704981 0.000855267676046
0.015306122449 0.000855267676046
0.0152905198777 0.000855267676046
0.0152671755725 0.000855267676046
0.015243902439 0.000855267676046
0.0152284263959 0.000855267676046
0.0152091254753 0.000855267676046
0.0151515151515 0.000855267676046
0.0150943396226 0.000855267676046
0.0150753768844 0.000855267676046
0.0150602409639 0.000855267676046
0.015037593985 0.000855267676046
0.015 0.000855267676046
0.0149812734082 0.000855267676046
0.0149253731343 0.000855267676046
0.0148698884758 0.000855267676046
0.0148514851485 0.000855267676046
0.0148148148148 0.000855267676046
0.0147783251232 0.000855267676046
0.0147601476015 0.000855267676046
0.0147058823529 0.000855267676046
0.0146627565982 0.000855083989846
0.014652014652 0.000855083989846
0.0146341463415 0.000855083989846
0.014598540146 0.000855083989846
0.0145631067961 0.000855083989846
0.0145454545455 0.000855083989846
0.0144927536232 0.000855083989846
0.014440433213 0.000855083989846
0.0144230769231 0.000855083989846
0.0143884892086 0.000855083989846
0.0143540669856 0.000855083989846
0.0143369175627 0.000855083989846
0.0142857142857 0.000855083989846
0.0142180094787 0.000854716827158
0.0141843971631 0.000854716827158
0.0141509433962 0.000854716827158
0.0141342756184 0.000854716827158
0.0140845070423 0.000854716827158
0.0140350877193 0.000854716827158
0.0140186915888 0.000854716827158
0.013986013986 0.000854716827158
0.0139534883721 0.000854716827158
0.0138888888889 0.000854716827158
0.0138408304498 0.000854533350597
0.0138248847926 0.000854533350597
0.0137931034483 0.000854533350597
0.0137614678899 0.000854533350597
0.0137457044674 0.000854533350597
0.013698630137 0.000854533350597
0.0136612021858 0.000854166606859
0.0136363636364 0.000854166606859
0.0136054421769 0.000854166606859
0.0135746606335 0.000854166606859
0.0135135135135 0.000854166606859
0.013468013468 0.000854166606859
0.0134529147982 0.000854166606859
0.0134228187919 0.000854166606859
0.0133928571429 0.000854166606859
0.0133333333333 0.000854166606859
0.0132890365449 0.000854166606859
0.0132743362832 0.000854166606859
0.0132450331126 0.000854166606859
0.0132158590308 0.000854166606859
0.0131578947368 0.000854166606859
0.0131147540984 0.000854166606859
0.0131004366812 0.000854166606859
0.0130718954248 0.000854166606859
0.0130434782609 0.000854166606859
0.012987012987 0.000854166606859
0.0129449838188 0.000854166606859
0.0129310344828 0.000854166606859
0.0129032258065 0.000854166606859
0.0128755364807 0.000854166606859
0.0128205128205 0.000854166606859
0.0127659574468 0.000854166606859
0.0127388535032 0.000854166606859
0.0127118644068 0.000854166606859
0.0126582278481 0.000854166606859
0.0126050420168 0.000854166606859
0.0125786163522 0.000854166606859
0.0125523012552 0.000854166606859
0.0125 0.000854166606859
0.0124481327801 0.000854166606859
0.0124223602484 0.000854166606859
0.0123966942149 0.000854166606859
0.0123839009288 0.000854166606859
0.0123456790123 0.000854166606859
0.0123076923077 0.000854166606859
0.0122950819672 0.000854166606859
0.0122699386503 0.000854166606859
0.0122448979592 0.000854166606859
0.0121951219512 0.000854166606859
0.0121457489879 0.000854166606859
0.0121212121212 0.000854166606859
0.0120967741935 0.000854166606859
0.0120481927711 0.000854166606859
0.012 0.000854166606859
0.0119760479042 0.000854166606859
0.0119521912351 0.000854166606859
0.0119047619048 0.000854166606859
0.0118577075099 0.000854166606859
0.0118343195266 0.000854166606859
0.011811023622 0.000854166606859
0.0117647058824 0.000854166606859
0.0117302052786 0.000854166606859
0.01171875 0.000854166606859
0.0116959064327 0.000854166606859
0.011673151751 0.000854166606859
0.0116279069767 0.000854166606859
0.011583011583 0.000854166606859
0.0115606936416 0.000854166606859
0.0115384615385 0.000854166606859
0.0114942528736 0.000854166606859
0.0114503816794 0.000854166606859
0.0114285714286 0.000854166606859
0.0114068441065 0.000854166606859
0.0113636363636 0.000854166606859
0.0113314447592 0.000854166606859
0.011320754717 0.000854166606859
0.0112994350282 0.000854166606859
0.0112781954887 0.000854166606859
0.0112359550562 0.000854166606859
0.0111940298507 0.000853983339611
0.0111731843575 0.000853983339611
0.0111524163569 0.000853983339611
0.0111111111111 0.000853983339611
0.0110701107011 0.000853983339611
0.0110497237569 0.000853983339611
0.0110294117647 0.000853983339611
0.010989010989 0.000853983339611
0.0109489051095 0.000853983339611
0.0109289617486 0.000853983339611
0.0109090909091 0.000853983339611
0.0108695652174 0.000853983339611
0.0108303249097 0.000853983339611
0.0108108108108 0.000853983339611
0.0107913669065 0.000853983339611
0.010752688172 0.000853983339611
0.0107142857143 0.000853983339611
0.0106951871658 0.000853983339611
0.0106761565836 0.000853983339611
0.0106382978723 0.000853983339611
0.0106007067138 0.00085380014206
0.010582010582 0.00085380014206
0.0105263157895 0.00085380014206
0.0104712041885 0.00085380014206
0.0104166666667 0.00085380014206
0.0103806228374 0.00085380014206
0.0103626943005 0.00085380014206
0.0103448275862 0.00085380014206
0.0103092783505 0.00085380014206
0.0102739726027 0.00085380014206
0.0102564102564 0.00085380014206
0.0102040816327 0.00085380014206
0.0101694915254 0.00085380014206
0.010152284264 0.00085380014206
0.0101351351351 0.00085380014206
0.010101010101 0.00085380014206
0.010067114094 0.00085380014206
0.0100502512563 0.00085380014206
0.0100334448161 0.00085380014206
0.01 0.00085380014206
0.00996677740864 0.00085380014206
0.00995024875622 0.00085380014206
0.00990099009901 0.00085380014206
0.00986842105263 0.00085380014206
0.00985221674877 0.00085380014206
0.00983606557377 0.00085380014206
0.00980392156863 0.00085380014206
0.00975609756098 0.000853617014171
0.00970873786408 0.000853617014171
0.00966183574879 0.000853617014171
0.0096463022508 0.000853617014171
0.00961538461538 0.000853617014171
0.00958466453674 0.000853617014171
0.00956937799043 0.000853617014171
0.00955414012739 0.000853617014171
0.00952380952381 0.000853617014171
0.00947867298578 0.000853617014171
0.00943396226415 0.000853617014171
0.0093896713615 0.000853617014171
0.00934579439252 0.000853617014171
0.0093023255814 0.000853617014171
0.00925925925926 0.000853617014171
0.00921658986175 0.000853617014171
0.00917431192661 0.000853617014171
0.00913242009132 0.000853617014171
0.00909090909091 0.000853617014171
0.00906344410876 0.000853617014171
0.00904977375566 0.000853617014171
0.00900900900901 0.000853617014171
0.00896860986547 0.000853433955908
0.00892857142857 0.000853433955908
0.00888888888889 0.000853433955908
0.00884955752212 0.000853433955908
0.00881057268722 0.000853250967235
0.00877192982456 0.000853250967235
0.00873362445415 0.000853250967235
0.00869565217391 0.000853250967235
0.00865800865801 0.000853250967235
0.00862068965517 0.000853250967235
0.00858369098712 0.000853250967235
0.00854700854701 0.000853250967235
0.00851063829787 0.000853250967235
0.00847457627119 0.000853250967235
0.0084388185654 0.000853250967235
0.00840336134454 0.000853250967235
0.00836820083682 0.000853250967235
0.00833333333333 0.000853250967235
0.00829875518672 0.000853250967235
0.00826446280992 0.000853250967235
0.0082304526749 0.000853250967235
0.00819672131148 0.000853250967235
0.00816326530612 0.000853250967235
0.00813008130081 0.000853250967235
0.0080971659919 0.000853250967235
0.00806451612903 0.000853250967235
0.00803212851406 0.000853250967235
0.008 0.000853250967235
0.00796812749004 0.000853068048116
0.00793650793651 0.000853068048116
0.00790513833992 0.000853068048116
0.00787401574803 0.000853068048116
0.0078431372549 0.000853068048116
0.0078125 0.000853068048116
0.00778210116732 0.000853068048116
0.0077519379845 0.000853068048116
0.00772200772201 0.000853068048116
0.00769230769231 0.000853068048116
0.00766283524904 0.000853068048116
0.00763358778626 0.000853068048116
0.00760456273764 0.000853068048116
0.00757575757576 0.000853068048116
0.00754716981132 0.000853068048116
0.00751879699248 0.000853068048116
0.00749063670412 0.000853068048116
0.00746268656716 0.000853068048116
0.00743494423792 0.000853068048116
0.00740740740741 0.000853068048116
0.00738007380074 0.000852885198514
0.00735294117647 0.000852885198514
0.00732600732601 0.000852885198514
0.00729927007299 0.000852885198514
0.00727272727273 0.000852885198514
0.00724637681159 0.000852885198514
0.0072202166065 0.000852885198514
0.00719424460432 0.000852885198514
0.00716845878136 0.000852519707719
0.00714285714286 0.000852519707719
0.00709219858156 0.000852519707719
0.00706713780919 0.000852519707719
0.00704225352113 0.000852519707719
0.00701754385965 0.000852519707719
0.00699300699301 0.000852519707719
0.00696864111498 0.000852519707719
0.00694444444444 0.000852519707719
0.00692041522491 0.000852519707719
0.00689655172414 0.000852519707719
0.00684931506849 0.000852519707719
0.00682593856655 0.000852519707719
0.00680272108844 0.000852519707719
0.00677966101695 0.000852519707719
0.00675675675676 0.000852519707719
0.00673400673401 0.000852519707719
0.00671140939597 0.000852519707719
0.0066889632107 0.000852519707719
0.00666666666667 0.000852519707719
0.00664451827243 0.000852519707719
0.00662251655629 0.000852519707719
0.00657894736842 0.000852519707719
0.00653594771242 0.000852519707719
0.00649350649351 0.000852519707719
0.00645161290323 0.000852519707719
0.00641025641026 0.000852519707719
0.00636942675159 0.000852519707719
0.00632911392405 0.000852519707719
0.0062893081761 0.000852519707719
0.00625 0.000852519707719
0.00621118012422 0.000852519707719
0.00617283950617 0.000852519707719
0.00613496932515 0.000852519707719
0.00609756097561 0.000852519707719
0.00606060606061 0.000852519707719
0.00602409638554 0.000852519707719
0.00600600600601 0.000852519707719
0.0059880239521 0.000852519707719
0.00595238095238 0.000852519707719
0.00591715976331 0.000852519707719
0.00588235294118 0.000852519707719
0.00584795321637 0.000852519707719
0.00581395348837 0.000852519707719
0.00578034682081 0.000852519707719
0.00574712643678 0.000852519707719
0.00571428571429 0.000852519707719
0.00568181818182 0.000852519707719
0.00564971751412 0.000852519707719
0.00561797752809 0.000852519707719
0.00558659217877 0.000852519707719
0.00555555555556 0.000852519707719
0.00552486187845 0.000852519707719
0.00549450549451 0.000852519707719
0.00546448087432 0.000852519707719
0.0054347826087 0.000852519707719
0.00540540540541 0.000852519707719
0.00537634408602 0.000852519707719
0.00534759358289 0.000852519707719
0.00531914893617 0.000852519707719
0.00529100529101 0.000852519707719
0.00526315789474 0.000852519707719
0.00523560209424 0.000852519707719
0.00520833333333 0.000852519707719
0.00518134715026 0.000852519707719
0.00515463917526 0.000852519707719
0.00512820512821 0.000852519707719
0.00510204081633 0.000852519707719
0.00507614213198 0.000852519707719
0.00505050505051 0.000852337066454
0.00502512562814 0.000852337066454
0.005 0.000852337066454
0.00497512437811 0.000852337066454
0.0049504950495 0.000852154494562
0.00492610837438 0.000852154494562
0.00490196078431 0.000852154494562
0.00487804878049 0.000852154494562
0.00485436893204 0.000852154494562
0.0048309178744 0.000852154494562
0.00480769230769 0.000852154494562
0.00478468899522 0.000852154494562
0.0047619047619 0.000852154494562
0.00473933649289 0.000852154494562
0.00471698113208 0.000852154494562
0.00469483568075 0.000852154494562
0.00467289719626 0.000852154494562
0.0046511627907 0.000852154494562
0.00462962962963 0.000852154494562
0.00460829493088 0.000852154494562
0.0045871559633 0.000852154494562
0.00456621004566 0.000852154494562
0.00454545454545 0.000852154494562
0.00452488687783 0.000852154494562
0.0045045045045 0.000852154494562
0.00448430493274 0.000852154494562
0.00446428571429 0.000852154494562
0.00444444444444 0.000852154494562
0.00442477876106 0.000852154494562
0.00440528634361 0.000852154494562
0.00438596491228 0.000852154494562
0.00436681222707 0.000852154494562
0.00434782608696 0.000852154494562
0.004329004329 0.000852154494562
0.00431034482759 0.000852154494562
0.00429184549356 0.000852154494562
0.0042735042735 0.000852154494562
0.00425531914894 0.000852154494562
0.00423728813559 0.000852154494562
0.0042194092827 0.000852154494562
0.00420168067227 0.000852154494562
0.00418410041841 0.000852154494562
0.00416666666667 0.000852154494562
0.00414937759336 0.000852154494562
0.00413223140496 0.000852154494562
0.00411522633745 0.000852154494562
0.00409836065574 0.000852154494562
0.00408163265306 0.000852154494562
0.00406504065041 0.000852154494562
0.00404858299595 0.000852154494562
0.00403225806452 0.000852154494562
0.00401606425703 0.000852154494562
0.004 0.000852154494562
0.00398406374502 0.000852154494562
0.00396825396825 0.000852154494562
0.00395256916996 0.000852154494562
0.00393700787402 0.000852154494562
0.00392156862745 0.000852154494562
0.00390625 0.000852154494562
0.00389105058366 0.000852154494562
0.00387596899225 0.000852154494562
0.003861003861 0.000852154494562
0.00384615384615 0.000852154494562
0.00383141762452 0.000852154494562
0.00381679389313 0.000852154494562
0.00380228136882 0.000852154494562
0.00378787878788 0.000852154494562
0.00377358490566 0.000852154494562
0.00375939849624 0.000852154494562
0.00374531835206 0.000852154494562
0.00373134328358 0.000852154494562
0.00371747211896 0.000852154494562
0.0037037037037 0.000852154494562
0.00369003690037 0.000852154494562
0.00367647058824 0.000852154494562
0.0036496350365 0.000852154494562
0.00363636363636 0.000852154494562
0.0036231884058 0.000852154494562
0.00361010830325 0.000852154494562
0.00358422939068 0.000852154494562
0.00357142857143 0.000852154494562
0.00355871886121 0.000852154494562
0.00354609929078 0.000852154494562
0.00353356890459 0.000852154494562
0.0034965034965 0.000852154494562
0.00343642611684 0.000852154494562
0.00342465753425 0.000852154494562
0.00340136054422 0.000852154494562
0.00337837837838 0.000852154494562
0.003300330033 0.000852154494562
0.00326797385621 0.000852154494562
0.00320512820513 0.000852154494562
0.0 0.000852154494562
