1.0 0.0
1.0 0.0
0.928571428571 0.0
0.916666666667 0.0
0.888888888889 0.0
0.857142857143 0.0
0.833333333333 0.0
0.823529411765 0.000105329681904
0.8 0.000105329681904
0.777777777778 0.000315989045713
0.769230769231 0.000315989045713
0.75 0.000526648409522
0.714285714286 0.00119373639492
0.705882352941 0.00119373639492
0.7 0.00136928586476
0.692307692308 0.00136928586476
0.666666666667 0.00136928586476
0.647058823529 0.00201296725417
0.642857142857 0.00201296725417
0.636363636364 0.00201296725417
0.631578947368 0.00211829693608
0.625 0.00211829693608
0.615384615385 0.00278538492147
0.611111111111 0.00278538492147
0.6 0.00283219811343
0.590909090909 0.00371228612223
0.588235294118 0.00375909931419
0.583333333333 0.00386442899609
0.578947368421 0.00386442899609
0.574468085106 0.003969758678
0.571428571429 0.003969758678
0.5625 0.00464269831238
0.555555555556 0.00464269831238
0.55 0.00493528076212
0.545454545455 0.00493528076212
0.538461538462 0.00512487418955
0.533333333333 0.00523020387145
0.53125 0.00542915993727
0.529411764706 0.00542915993727
0.526315789474 0.005721742387
0.52380952381 0.00595346768719
0.521739130435 0.00598556816168
0.518518518519 0.00612600773755
0.511111111111 0.00615108623324
0.5 0.00615108623324
0.486486486486 0.00938119647831
0.47619047619 0.00942800967027
0.473684210526 0.00947482286223
0.470588235294 0.00969484486443
0.466666666667 0.0100108339101
0.461538461538 0.0102823504235
0.458333333333 0.0102940537215
0.454545454545 0.0102940537215
0.451612903226 0.0109903999518
0.45 0.0109903999518
0.444444444444 0.0110138065478
0.44 0.0121950594249
0.4375 0.012334328671
0.434782608696 0.012334328671
0.433333333333 0.0127907572925
0.428571428571 0.0127907572925
0.424242424242 0.0155020213268
0.421052631579 0.0155020213268
0.41935483871 0.0158783659521
0.417142857143 0.0158783659521
0.416666666667 0.0159626296976
0.415094339623 0.0166098220764
0.414634146341 0.0167093001093
0.413793103448 0.0167572836311
0.411764705882 0.0169696148946
0.409090909091 0.0173175929548
0.407407407407 0.0174229226367
0.40625 0.0174877923456
0.403846153846 0.0176548708569
0.4 0.0177391346024
0.394736842105 0.019208650855
0.392857142857 0.0194617967369
0.391304347826 0.0194617967369
0.388888888889 0.0196467088451
0.384615384615 0.0199474836035
0.380952380952 0.0205692479076
0.378787878788 0.0206496277014
0.375 0.0206964408934
0.37037037037 0.0216291988095
0.368421052632 0.0216291988095
0.366666666667 0.0218833918697
0.364779874214 0.0218803288637
0.363636363636 0.0218803288637
0.36 0.0229786149841
0.357142857143 0.0229786149841
0.354838709677 0.0231546660238
0.352941176471 0.0231934540972
0.351351351351 0.0234253465873
0.35 0.0234721597793
0.347826086957 0.0235022539741
0.346153846154 0.0237445122425
0.344827586207 0.0237445122425
0.34375 0.023954557797
0.342857142857 0.023983816042
0.340425531915 0.0243934314716
0.338709677419 0.0246930359001
0.338461538462 0.024821772178
0.333333333333 0.0250031732968
0.329113924051 0.0287998476458
0.326530612245 0.0289636938177
0.325581395349 0.0289636938177
0.325 0.0289636938177
0.324324324324 0.0289871004136
0.323529411765 0.0289871004136
0.322580645161 0.0289871004136
0.321428571429 0.0291509465855
0.32 0.029410091041
0.318181818182 0.0294888375174
0.315789473684 0.0298339766264
0.314285714286 0.0299579029774
0.3125 0.0299579029774
0.310734463277 0.0302314409695
0.310344827586 0.0303882651625
0.309523809524 0.0305528915543
0.307692307692 0.0305528915543
0.305555555556 0.0318538169862
0.304347826087 0.0318538169862
0.30303030303 0.0322908515711
0.302325581395 0.0323931718336
0.3 0.0323931718336
0.296296296296 0.0338883690404
0.295454545455 0.0341130723618
0.294117647059 0.0342535119376
0.292682926829 0.0345739297059
0.292418772563 0.0346831604872
0.291666666667 0.0349386824933
0.290909090909 0.0353412759441
0.290322580645 0.0353412759441
0.289473684211 0.0354551880445
0.288888888889 0.0354551880445
0.288 0.0354551880445
0.285714285714 0.035615523227
0.284210526316 0.0363243070475
0.284090909091 0.0363243070475
0.283582089552 0.0364647466234
0.283333333333 0.0365115598154
0.283105022831 0.0367667474415
0.282608695652 0.0370328024158
0.282051282051 0.0371554660733
0.28125 0.0371554660733
0.280701754386 0.0371554660733
0.28 0.0372872980623
0.279661016949 0.0375120013837
0.277777777778 0.0376056277676
0.276595744681 0.0377205118818
0.275862068966 0.0378150032921
0.275 0.0379033741072
0.272727272727 0.0379174180648
0.27027027027 0.0389183253057
0.269230769231 0.0390412099346
0.268292682927 0.0392062050754
0.267857142857 0.0393093612877
0.267441860465 0.0394018173418
0.266666666667 0.0395289577154
0.265432098765 0.0398349613031
0.264900662252 0.0400751980928
0.264705882353 0.0400751980928
0.264367816092 0.040165951849
0.263157894737 0.0404534628696
0.261904761905 0.0411153063066
0.261261261261 0.0414284782343
0.260869565217 0.041709357386
0.260273972603 0.0422096281219
0.259259259259 0.0424762859934
0.258064516129 0.0424674626246
0.257142857143 0.0425975921523
0.25641025641 0.0427552206723
0.256198347107 0.0430352895957
0.255813953488 0.0432915918217
0.255319148936 0.0432915918217
0.254901960784 0.0433208500667
0.254237288136 0.0433126577581
0.253521126761 0.0433126577581
0.25 0.0433665292163
0.246376811594 0.0429944340428
0.245283018868 0.0430559315615
0.244897959184 0.0432197777333
0.244444444444 0.0432829755425
0.243902439024 0.0434544478107
0.243243243243 0.0437684305768
0.242857142857 0.0437694337166
0.242424242424 0.0437134808062
0.241935483871 0.0438860874987
0.241379310345 0.0439526787278
0.240740740741 0.043962797164
0.240310077519 0.0440202497178
0.24 0.0441068462657
0.239436619718 0.0442779100945
0.239130434783 0.0448809035245
0.238095238095 0.0448809035245
0.237762237762 0.0450189024303
0.2375 0.0450575929762
0.237288135593 0.0451465380409
0.236842105263 0.0452319721162
0.235294117647 0.045135632004
0.234567901235 0.0452426357698
0.234042553191 0.0452835922464
0.233333333333 0.0454128218489
0.233082706767 0.0453290258027
0.232704402516 0.0453758389947
0.232558139535 0.0455013256414
0.232456140351 0.0454933233214
0.232142857143 0.0457126722436
0.231638418079 0.0457419304886
0.230769230769 0.0457419304886
0.229166666667 0.0456332812367
0.229007633588 0.0457269076206
0.228571428571 0.0458404296111
0.228070175439 0.0459255414413
0.227272727273 0.0456600145695
0.225806451613 0.0461291483697
0.225352112676 0.04606946155
0.225 0.0460530784694
0.224137931034 0.0461618064869
0.223880597015 0.0461705929629
0.222222222222 0.0461705929629
0.221428571429 0.0453626587319
0.220338983051 0.0453626587319
0.219512195122 0.0453957623462
0.21897810219 0.0453380787091
0.21875 0.0453816691703
0.218543046358 0.045269199252
0.218181818182 0.0452966719166
0.217821782178 0.0453583437075
0.217391304348 0.0453824071212
0.216666666667 0.0452741718751
0.216216216216 0.0452741718751
0.21568627451 0.0453621396462
0.214285714286 0.0453989214399
0.213333333333 0.0456742313136
0.212962962963 0.0456784412815
0.212765957447 0.0456726329892
0.212121212121 0.0457194348537
0.210526315789 0.0456594155967
0.210280373832 0.0458842427054
0.20987654321 0.0458842427054
0.209302325581 0.0459291465107
0.209090909091 0.0460426036509
0.208955223881 0.0461269277823
0.208333333333 0.0461478931788
0.207142857143 0.0464108719623
0.206896551724 0.0464061906431
0.206349206349 0.0462365446639
0.205882352941 0.0462365446639
0.205479452055 0.0463181307318
0.205357142857 0.0463501479717
0.205323193916 0.0465853585398
0.205128205128 0.0465611298065
0.204545454545 0.0467805392124
0.204301075269 0.0467514434137
0.204081632653 0.0467560948932
0.203947368421 0.0468239997431
0.203703703704 0.046828659999
0.202898550725 0.046828659999
0.202702702703 0.0470132634101
0.20253164557 0.0470132634101
0.202127659574 0.0470132634101
0.201923076923 0.0470132634101
0.201550387597 0.0470132634101
0.2 0.0471010381451
0.198347107438 0.0425118272782
0.198275862069 0.0424199893838
0.198113207547 0.0424923003324
0.197916666667 0.042468898974
0.197674418605 0.042468898974
0.197530864198 0.0424835812933
0.197183098592 0.0425186438362
0.19696969697 0.0425186438362
0.196428571429 0.0425186438362
0.196078431373 0.042533807987
0.195945945946 0.0425365126039
0.195652173913 0.0425365126039
0.195402298851 0.0425365126039
0.19512195122 0.0426846625879
0.194915254237 0.0426642490263
0.194444444444 0.0426356308045
0.194174757282 0.0426421316941
0.193548387097 0.0426647958249
0.193277310924 0.0426752266794
0.19298245614 0.0426752266794
0.192592592593 0.0426883256114
0.192307692308 0.0426854962426
0.191919191919 0.0431564228351
0.191860465116 0.0431918222114
0.191489361702 0.0431973333663
0.191111111111 0.0431760068638
0.190476190476 0.0431760068638
0.189873417722 0.0431910915759
0.189655172414 0.0431910915759
0.189189189189 0.0431910915759
0.188811188811 0.0432496500689
0.188679245283 0.0432369254497
0.188235294118 0.043128973895
0.1875 0.0431200334627
0.187096774194 0.0437534379638
0.186813186813 0.0437587732562
0.186666666667 0.0438894378152
0.186567164179 0.0439133138156
0.186440677966 0.0439277119979
0.186274509804 0.0438760046481
0.186046511628 0.0438760046481
0.185567010309 0.0436506551934
0.185483870968 0.0436506551934
0.185185185185 0.0436533882602
0.18487394958 0.0436334243168
0.184615384615 0.0436388346159
0.184466019417 0.0434527403754
0.184210526316 0.0434527403754
0.184 0.0433817322401
0.183673469388 0.0435015533586
0.183520599251 0.0435434544989
0.183333333333 0.0435727127439
0.183098591549 0.0434702941788
0.182926829268 0.0434730484553
0.181818181818 0.043484097256
0.18115942029 0.0429427364597
0.180790960452 0.0429768632284
0.180555555556 0.043140116369
0.180076628352 0.0430883863486
0.18 0.0431082563497
0.179487179487 0.04287201228
0.179245283019 0.0428714213628
0.179104477612 0.0427140947784
0.178571428571 0.0427140947784
0.178217821782 0.0426674050124
0.178082191781 0.0426696714508
0.177777777778 0.0426696714508
0.177419354839 0.0426431833653
0.176991150442 0.0425759835919
0.176470588235 0.0425566272282
0.17619047619 0.0427669066066
0.175925925926 0.0427669066066
0.175675675676 0.0427601206908
0.175438596491 0.0427811866272
0.175 0.0428116152019
0.174603174603 0.043139999172
0.174418604651 0.0431456316753
0.173913043478 0.0431456316753
0.173333333333 0.0429450560071
0.173076923077 0.0429450560071
0.172413793103 0.0428850069424
0.172185430464 0.0428468157976
0.172043010753 0.0428468157976
0.171875 0.0428506564903
0.171428571429 0.0428506564903
0.171232876712 0.042175001961
0.171052631579 0.042175001961
0.170731707317 0.042175001961
0.170212765957 0.0417950872971
0.169811320755 0.0414713390749
0.169491525424 0.0414713390749
0.169014084507 0.0414902768299
0.168831168831 0.0414917416878
0.168539325843 0.0414917416878
0.168316831683 0.0414917416878
0.16814159292 0.0415001095332
0.167487684729 0.0415043048873
0.166666666667 0.0415043048873
0.165714285714 0.0355452777285
0.165517241379 0.0355452777285
0.165413533835 0.0355452777285
0.165354330709 0.0355163484552
0.165217391304 0.0355179129911
0.165048543689 0.0355268084459
0.164948453608 0.0351299636862
0.164179104478 0.0351225892773
0.16393442623 0.0351235265013
0.163793103448 0.0351235265013
0.163636363636 0.0351235265013
0.163522012579 0.035227823256
0.163461538462 0.0352357354203
0.163265306122 0.0352357354203
0.163043478261 0.0352493551131
0.162790697674 0.0352493551131
0.162162162162 0.0351402283286
0.161904761905 0.0351082121741
0.161764705882 0.0351082121741
0.161616161616 0.0352117510581
0.161290322581 0.0352441023175
0.161137440758 0.0353218729212
0.16091954023 0.0353136806126
0.160714285714 0.0353136806126
0.16049382716 0.0353136806126
0.160377358491 0.0353136806126
0.16015625 0.0353851213109
0.16 0.035387183963
0.159420289855 0.0341302551602
0.159090909091 0.0341557896286
0.15873015873 0.0341557896286
0.158620689655 0.0341754666021
0.157894736842 0.0341754666021
0.157480314961 0.0340491699283
0.156862745098 0.0340384991827
0.156626506024 0.0339886252672
0.15625 0.0339886252672
0.155844155844 0.0337390003645
0.155737704918 0.0337486591863
0.155555555556 0.0337486591863
0.155172413793 0.0337256220229
0.154929577465 0.033799682682
0.154639175258 0.0336800830189
0.154471544715 0.0336880980048
0.153846153846 0.0336872316567
0.153374233129 0.0326855429023
0.153225806452 0.0326879781548
0.152941176471 0.0326879781548
0.152777777778 0.0327065022254
0.152542372881 0.0327077210544
0.152173913043 0.0327218205604
0.152 0.0327103439767
0.151898734177 0.0327103439767
0.151724137931 0.0327236990676
0.151515151515 0.0327236990676
0.151162790698 0.0326870314586
0.150943396226 0.0326614506119
0.150684931507 0.0326535379692
0.150442477876 0.0326559329237
0.15037593985 0.0326559329237
0.15 0.0326571315701
0.149700598802 0.0320993827668
0.149606299213 0.0320993827668
0.149425287356 0.0320993827668
0.149253731343 0.0321006493635
0.149122807018 0.032101079668
0.148936170213 0.032101079668
0.148648648649 0.0317933051641
0.1484375 0.0317933051641
0.148148148148 0.0317959688584
0.147727272727 0.0319853050903
0.147540983607 0.0319935429558
0.147058823529 0.0320348771263
0.146788990826 0.0319274137014
0.146666666667 0.031960706964
0.146341463415 0.031960706964
0.146153846154 0.0319734097975
0.14606741573 0.0319756816612
0.145922746781 0.0319382643656
0.145833333333 0.0319394176409
0.145695364238 0.0319533768554
0.145631067961 0.0319533768554
0.145454545455 0.0319533768554
0.145161290323 0.0319545303416
0.145 0.0320335646833
0.144927536232 0.0321535343254
0.144736842105 0.0321972953762
0.144578313253 0.0322903698946
0.144329896907 0.0322901189465
0.144230769231 0.0323245124095
0.144144144144 0.0323245124095
0.14406779661 0.0323650098547
0.144 0.0323650098547
0.143939393939 0.0323705010747
0.14375 0.0324453965623
0.142857142857 0.0324453965623
0.142307692308 0.0248593787587
0.142105263158 0.0245068765626
0.141732283465 0.0245068765626
0.141666666667 0.0245068765626
0.141414141414 0.0245535284824
0.141304347826 0.0245535284824
0.141176470588 0.0245535284824
0.141025641026 0.0245538003563
0.140939597315 0.0245538003563
0.140845070423 0.0244801514063
0.140625 0.0244801514063
0.140350877193 0.0244765289569
0.140186915888 0.0244765289569
0.14 0.024477094526
0.139534883721 0.0244693948044
0.139344262295 0.0245925468139
0.139240506329 0.0245914905724
0.138888888889 0.0245912318015
0.138461538462 0.0245271900252
0.13829787234 0.0245271900252
0.138211382114 0.024523567828
0.138181818182 0.024523567828
0.137931034483 0.024523567828
0.137614678899 0.024546665628
0.1375 0.024546665628
0.137254901961 0.0245411022694
0.137096774194 0.0245090669792
0.13698630137 0.0245090669792
0.136752136752 0.0245090669792
0.136546184739 0.0245090669792
0.136363636364 0.0245096224705
0.135922330097 0.0235727035843
0.135802469136 0.0235727035843
0.135714285714 0.0235727035843
0.135593220339 0.0235727035843
0.135514018692 0.0235374092714
0.135483870968 0.0235499890748
0.135416666667 0.0235499890748
0.135338345865 0.0235504222977
0.135135135135 0.0235135861234
0.134920634921 0.0230009410563
0.134831460674 0.0230009410563
0.134615384615 0.0230009410563
0.134328358209 0.0229826681582
0.134146341463 0.0228866521834
0.134020618557 0.022886705801
0.133928571429 0.022886705801
0.133333333333 0.022886705801
0.132743362832 0.0218583609978
0.132653061224 0.0217783397471
0.132450331126 0.0217784932634
0.132352941176 0.0217784932634
0.132075471698 0.0217788003739
0.131868131868 0.0217789539681
0.131707317073 0.0217781672343
0.131578947368 0.0217781672343
0.131147540984 0.0217527197919
0.131034482759 0.0217528652226
0.130952380952 0.0217574961273
0.130890052356 0.0217574961273
0.130841121495 0.0217574961273
0.130718954248 0.0217585932064
0.13058419244 0.0217585932064
0.130434782609 0.0217588971192
0.12987012987 0.0216550564582
0.12962962963 0.0216550564582
0.129310344828 0.0216531806423
0.129032258065 0.0216531806423
0.128787878788 0.0211707529635
0.128755364807 0.0211708921258
0.128712871287 0.0211710313097
0.128571428571 0.0211710313097
0.128378378378 0.0211715882606
0.128342245989 0.0211715882606
0.128205128205 0.0211715882606
0.128 0.0209135609119
0.127906976744 0.0209135609119
0.127819548872 0.0208889628506
0.127777777778 0.0208889628506
0.127659574468 0.0208889628506
0.127450980392 0.0209121671819
0.127388535032 0.0209121671819
0.127272727273 0.0209112148112
0.127167630058 0.0208247385276
0.127118644068 0.0208170477889
0.127071823204 0.0208173207158
0.126984126984 0.0208173207158
0.126865671642 0.0208051125945
0.12676056338 0.0208053865905
0.126582278481 0.0207958934698
0.126436781609 0.0207958934698
0.126315789474 0.0207952847942
0.126262626263 0.0208164870598
0.126050420168 0.0208164870598
0.125984251969 0.0208164870598
0.125925925926 0.0208179880259
0.125874125874 0.0208181245996
0.125 0.0208181245996
0.124513618677 0.0158285947559
0.124401913876 0.0158285947559
0.124087591241 0.0158295912497
0.124031007752 0.0158295912497
0.123966942149 0.0158295912497
0.12389380531 0.0158298405464
0.123711340206 0.0158298405464
0.123595505618 0.0158113622711
0.123529411765 0.0158015816578
0.123456790123 0.0158015816578
0.123348017621 0.0158030477853
0.123287671233 0.0158536284494
0.123076923077 0.0158537531238
0.122950819672 0.0158537531238
0.122807017544 0.0158537531238
0.122641509434 0.0159771496057
0.122448979592 0.0159771496057
0.121951219512 0.0159249914236
0.121693121693 0.0155137294452
0.121621621622 0.0155143468911
0.121495327103 0.0155143468911
0.121212121212 0.0154860465844
0.120967741935 0.0154274938788
0.120879120879 0.0154274938788
0.120833333333 0.0154288566599
0.120689655172 0.0154288566599
0.120481927711 0.0154289717875
0.12037037037 0.0154292197267
0.12 0.0154292197267
0.119658119658 0.0148766537811
0.119565217391 0.0148766537811
0.119402985075 0.0148925977526
0.119318181818 0.0148925977526
0.119266055046 0.014897704454
0.119047619048 0.0148987652732
0.118811881188 0.0147083488572
0.11875 0.0147083488572
0.118644067797 0.0147083488572
0.118421052632 0.0147098300794
0.118279569892 0.014710172235
0.118055555556 0.0147104004086
0.11801242236 0.0147104004086
0.117924528302 0.0147104004086
0.117886178862 0.0147104004086
0.117647058824 0.0147104004086
0.117318435754 0.0136553137383
0.117283950617 0.0136553137383
0.1171875 0.0136554225881
0.117117117117 0.0136605373218
0.117021276596 0.0136609728483
0.116883116883 0.0136609728483
0.116788321168 0.0136623897177
0.116666666667 0.0136623897177
0.116504854369 0.0134903179654
0.116438356164 0.0134903179654
0.116279069767 0.0134906453688
0.116071428571 0.0134234053429
0.115942028986 0.0134234053429
0.115789473684 0.0133233424927
0.115702479339 0.0133235570262
0.115384615385 0.013323771609
0.115107913669 0.0131104706892
0.115044247788 0.0131118562594
0.114942528736 0.0131118562594
0.114754098361 0.013112154609
0.114583333333 0.0130181079314
0.114503816794 0.0130181079314
0.114457831325 0.0130181079314
0.114285714286 0.0130181079314
0.114035087719 0.0129018400049
0.113989637306 0.0129018400049
0.113924050633 0.0129020399835
0.113636363636 0.012775878372
0.113475177305 0.0127767518533
0.113402061856 0.0127767518533
0.11320754717 0.0127767518533
0.113043478261 0.0125874587555
0.112903225806 0.0125874587555
0.112676056338 0.0125874587555
0.1125 0.0125872969071
0.112359550562 0.0125875681871
0.112244897959 0.012587658631
0.112195121951 0.012599460177
0.11214953271 0.012599460177
0.112107623318 0.012599460177
0.112068965517 0.012599460177
0.112 0.0125998243935
0.111940298507 0.0125998243935
0.111888111888 0.0126003709742
0.111842105263 0.0126003709742
0.111111111111 0.0126003709742
0.110465116279 0.00933057299488
0.110429447853 0.00933057299488
0.110294117647 0.00933057299488
0.110169491525 0.00933057299488
0.110091743119 0.00933057299488
0.11 0.00933078292065
0.10989010989 0.00933078292065
0.109756097561 0.00933078292065
0.109677419355 0.00933120291195
0.109589041096 0.00933120291195
0.109375 0.00933148300969
0.109243697479 0.00922602396228
0.109090909091 0.00922616419752
0.108974358974 0.0092266609349
0.108910891089 0.0092266609349
0.108695652174 0.0092266609349
0.108527131783 0.00911856083921
0.10843373494 0.00911863040575
0.108333333333 0.00911863040575
0.108280254777 0.00911863040575
0.108108108108 0.00911869997737
0.107954545455 0.00901575672141
0.107913669065 0.00901575672141
0.107843137255 0.00901535000013
0.107784431138 0.00901535000013
0.107692307692 0.00901535000013
0.10752688172 0.00901562829349
0.107476635514 0.00901562829349
0.107142857143 0.00901562829349
0.107011070111 0.00877838635923
0.106896551724 0.00877845592718
0.106796116505 0.00877852550012
0.106741573034 0.00877852550012
0.106719367589 0.00877852550012
0.106666666667 0.00877859507807
0.106557377049 0.00877859507807
0.106382978723 0.00877859507807
0.106194690265 0.0087783966792
0.106145251397 0.0087783966792
0.106060606061 0.0087783966792
0.105882352941 0.00877860471307
0.105769230769 0.00877874342706
0.105431309904 0.00877888216086
0.105263157895 0.00877909029867
0.104838709677 0.00810681583497
0.10480349345 0.00810688419955
0.104761904762 0.00810736288279
0.104651162791 0.00810736288279
0.104575163399 0.00810743128484
0.10447761194 0.00810859292963
0.104395604396 0.00808910702866
0.104347826087 0.00808917541193
0.104294478528 0.00808917541193
0.104166666667 0.00808917541193
0.104 0.00812252694456
0.103896103896 0.00812252694456
0.103773584906 0.00812259532933
0.103703703704 0.00812259532933
0.103448275862 0.00812273211288
0.103286384977 0.00796754243534
0.103174603175 0.00795987629176
0.103092783505 0.00796001236486
0.102941176471 0.00796001236486
0.102803738318 0.00790914968105
0.102564102564 0.00790962593479
0.102362204724 0.00765848555398
0.102325581395 0.00765848555398
0.102272727273 0.00765875669593
0.102040816327 0.00766987756124
0.101960784314 0.00763569106108
0.101851851852 0.00763569106108
0.101769911504 0.00763569106108
0.101694915254 0.00763530959258
0.1015625 0.00763706514936
0.101449275362 0.00763706514936
0.101351351351 0.00763726893081
0.101265822785 0.00763726893081
0.10119047619 0.00763682243609
0.101123595506 0.00763682243609
0.10101010101 0.00762170783839
0.100961538462 0.00762184373234
0.100917431193 0.00762184373234
0.100840336134 0.0076219796439
0.100775193798 0.0076219796439
0.100628930818 0.0076219796439
0.100591715976 0.00763843222347
0.1004784689 0.00763890808352
0.100386100386 0.00763890808352
0.1 0.00764291710991
0.0995024875622 0.00539972098489
0.0993377483444 0.00539978590984
0.0992366412214 0.00539978590984
0.099173553719 0.00539978590984
0.0990099009901 0.00539978590984
0.0989010989011 0.00539998070782
0.0987654320988 0.00539998070782
0.0985915492958 0.00540013753765
0.0984455958549 0.0054002024658
0.0983606557377 0.0054002024658
0.0982142857143 0.00540052716432
0.0980392156863 0.00540052716432
0.0978260869565 0.00537565458221
0.0977443609023 0.00537565458221
0.0977011494253 0.00532883170041
0.0976744186047 0.00532883170041
0.0975609756098 0.00532883170041
0.0973451327434 0.00529564605688
0.0972222222222 0.00529564605688
0.0971223021583 0.00524592373072
0.0970873786408 0.00524650884852
0.0969696969697 0.00524676899977
0.0969387755102 0.00524676899977
0.0967741935484 0.00524683404709
0.0965517241379 0.00508124236145
0.0964912280702 0.00508124236145
0.0963855421687 0.0050813072172
0.0962962962963 0.00508137207671
0.096256684492 0.00508137207671
0.0961538461538 0.00508137207671
0.0960698689956 0.00504743966301
0.096 0.00504743966301
0.0959595959596 0.00504743966301
0.0958904109589 0.00504743966301
0.0958083832335 0.00504782999039
0.0957446808511 0.00504782999039
0.095652173913 0.00504999388554
0.0955882352941 0.00505012397619
0.0955056179775 0.00505012397619
0.0952380952381 0.00505012397619
0.0949367088608 0.0048871042255
0.0948275862069 0.0048871042255
0.0947368421053 0.0048871042255
0.0945945945946 0.0048871042255
0.0943396226415 0.00488853641644
0.0942028985507 0.00487668956117
0.0941176470588 0.00487668956117
0.0940594059406 0.00487675472957
0.0940170940171 0.00487675472957
0.093896713615 0.00487675472957
0.09375 0.00487675472957
0.0934579439252 0.00477201967942
0.0933333333333 0.00477201967942
0.0932642487047 0.00477247551004
0.0932203389831 0.00477247551004
0.093023255814 0.00477247551004
0.0928961748634 0.00476914672315
0.0928571428571 0.00476914672315
0.0927835051546 0.00476914672315
0.0927152317881 0.00476927704487
0.0926829268293 0.00476927704487
0.0925925925926 0.00476927704487
0.0924369747899 0.00471847790627
0.0923076923077 0.00471847790627
0.0921985815603 0.00471854364968
0.0921052631579 0.00471854364968
0.092050209205 0.00471854364968
0.0919540229885 0.00471854364968
0.0918367346939 0.00471860939669
0.0918032786885 0.00471860939669
0.0917431192661 0.00471926706488
0.0917030567686 0.00471926706488
0.0916030534351 0.00471933285151
0.0915492957746 0.00471933285151
0.0913978494624 0.00471933285151
0.0913705583756 0.00471933285151
0.0912863070539 0.00471946443557
0.0911458333333 0.00472367093059
0.0909090909091 0.00472367093059
0.0904522613065 0.00400002973946
0.0903614457831 0.00400002973946
0.0903225806452 0.00400002973946
0.0902777777778 0.00400015830042
0.0902255639098 0.0040002868747
0.0901639344262 0.00400035116684
0.0900900900901 0.00400054406322
0.0900621118012 0.00400067267746
0.09 0.00400067267746
0.0898876404494 0.00400067267746
0.0897435897436 0.00398645458473
0.089605734767 0.00398677630426
0.089552238806 0.00398677630426
0.0894308943089 0.00398696937592
0.0892857142857 0.0039870337398
0.0891089108911 0.00398716247754
0.0888888888889 0.00398716247754
0.088785046729 0.00394247992614
0.0887573964497 0.00394247992614
0.0887096774194 0.00394247992614
0.0886075949367 0.00394247992614
0.0885608856089 0.00398980876523
0.0885245901639 0.00398993771026
0.0884955752212 0.00398993771026
0.0884353741497 0.00398993771026
0.0882352941176 0.00398993771026
0.0881057268722 0.00408008906016
0.0880829015544 0.00408008906016
0.088 0.00408015362452
0.0879120879121 0.00408015362452
0.0878378378378 0.00408015362452
0.0877192982456 0.00408015362452
0.0876494023904 0.00408038018214
0.0875912408759 0.00408038018214
0.0875 0.00408038018214
0.0874316939891 0.00408038018214
0.0873786407767 0.00408038018214
0.0873015873016 0.00408038018214
0.0872483221477 0.00408038018214
0.0871559633028 0.00408038018214
0.0869565217391 0.00408038018214
0.0867579908676 0.00399290782715
0.0866666666667 0.00399290782715
0.0866141732283 0.00399290782715
0.0865384615385 0.00399297244036
0.0864197530864 0.00399297244036
0.0863309352518 0.00399303705685
0.0862944162437 0.00399303705685
0.0862068965517 0.00399310167662
0.0860927152318 0.00399368340181
0.0860215053763 0.00399368340181
0.0859872611465 0.00399368340181
0.0859375 0.00399368340181
0.0857142857143 0.00399368340181
0.0855855855856 0.00396832943419
0.0854700854701 0.00396832943419
0.0853658536585 0.0039684584354
0.085308056872 0.0039684584354
0.0852713178295 0.0039684584354
0.0851063829787 0.0039684584354
0.085 0.00397013663205
0.0849673202614 0.00397013663205
0.0849056603774 0.00397013663205
0.0847457627119 0.00397013663205
0.0846905537459 0.00397028623883
0.0846153846154 0.00397028623883
0.0845771144279 0.00397028623883
0.0845070422535 0.00397028623883
0.0844155844156 0.00394898636516
0.0843373493976 0.00394898636516
0.0842105263158 0.00394898636516
0.0841121495327 0.00394898636516
0.0840336134454 0.00394911538266
0.0839694656489 0.0039492444131
0.0839416058394 0.0039492444131
0.0839160839161 0.0039492444131
0.0838709677419 0.0039492444131
0.0838323353293 0.0039492444131
0.0836653386454 0.0039492444131
0.0833333333333 0.0039492444131
0.0827586206897 0.00327166997415
0.0826446280992 0.00327166997415
0.0825688073394 0.00327173327611
0.0823529411765 0.00327217647523
0.0821917808219 0.00327223980159
0.0820895522388 0.00327223980159
0.08203125 0.003272303131
0.0819672131148 0.003272303131
0.0818181818182 0.0032728376802
0.0817610062893 0.0032728376802
0.0817307692308 0.0032728376802
0.0817120622568 0.0032728376802
0.0816326530612 0.0032728376802
0.0815450643777 0.00327391502561
0.0814814814815 0.00327391502561
0.0813953488372 0.00327410523686
0.0813008130081 0.00327416864671
0.08125 0.00327423205961
0.0810810810811 0.00327423205961
0.0808823529412 0.00327662623502
0.0808080808081 0.00327662623502
0.0807453416149 0.00327662623502
0.0806451612903 0.00327662623502
0.0805369127517 0.00327675322515
0.0804597701149 0.00327675322515
0.0803571428571 0.00327675322515
0.0802919708029 0.00327675322515
0.0802469135802 0.00327681672479
0.0802139037433 0.0032769437332
0.08 0.0032769437332
0.079754601227 0.00304287070526
0.0797101449275 0.00304287070526
0.0796460176991 0.00304287070526
0.0795454545455 0.00304287070526
0.0794701986755 0.00304293417684
0.0793650793651 0.00304299765144
0.0792682926829 0.00304306112906
0.0792079207921 0.0030431246097
0.0791366906475 0.00299669236496
0.0790960451977 0.00299669236496
0.0790697674419 0.00299669236496
0.0790378006873 0.00299669236496
0.0789473684211 0.00299669236496
0.0787878787879 0.00298413287719
0.0787401574803 0.00298413287719
0.0787037037037 0.00298413287719
0.0786516853933 0.00298413287719
0.0785714285714 0.00298419649898
0.0785340314136 0.00298419649898
0.078431372549 0.00298419649898
0.078313253012 0.00296915010051
0.0782608695652 0.00296915010051
0.078231292517 0.00296915010051
0.078125 0.00296915010051
0.0780141843972 0.00296915010051
0.0779816513761 0.00296915010051
0.0779220779221 0.00296915010051
0.0777777777778 0.00292265444926
0.0776699029126 0.00292265444926
0.0775862068966 0.00292265444926
0.077519379845 0.00292265444926
0.0774647887324 0.00292265444926
0.0774193548387 0.00292265444926
0.0773195876289 0.00292265444926
0.0771929824561 0.00292265444926
0.0769230769231 0.00292265444926
0.0765957446809 0.00214796720139
0.0765027322404 0.00214796720139
0.0764331210191 0.00214796720139
0.0763888888889 0.00214796720139
0.0763358778626 0.00214803003634
0.0762711864407 0.00214803003634
0.0761904761905 0.00214803003634
0.0761421319797 0.00214815571483
0.0760869565217 0.00214815571483
0.0760233918129 0.00214815571483
0.0759493670886 0.00214815571483
0.0758620689655 0.00214821855837
0.0758293838863 0.00214821855837
0.0757575757576 0.00214828140479
0.0756756756757 0.00214916155565
0.0756302521008 0.00214916155565
0.0754716981132 0.00214916155565
0.0753424657534 0.00214979057892
0.0752688172043 0.00214979057892
0.0751879699248 0.00214979057892
0.0751445086705 0.00214979057892
0.075 0.00214979057892
0.0748299319728 0.00210529197129
0.0747922437673 0.00210529197129
0.0747663551402 0.00210529197129
0.0746268656716 0.00210529197129
0.0744680851064 0.00210529197129
0.0743801652893 0.00210535485736
0.0742705570292 0.00210535485736
0.0742574257426 0.00210535485736
0.0740740740741 0.00210535485736
0.0738916256158 0.00202061289787
0.0738636363636 0.00202061289787
0.0738255033557 0.00202061289787
0.0737704918033 0.00202061289787
0.0736842105263 0.00202061289787
0.0735294117647 0.00202067584514
0.0734693877551 0.00202092766269
0.0734463276836 0.00202092766269
0.0733944954128 0.00202092766269
0.0733590733591 0.00202092766269
0.0733333333333 0.00202092766269
0.0732984293194 0.00202092766269
0.0731707317073 0.00202092766269
0.0730593607306 0.00202225337099
0.0730337078652 0.00202225337099
0.0729927007299 0.00202225337099
0.0729166666667 0.00202225337099
0.0728476821192 0.00202225337099
0.0728155339806 0.00202225337099
0.0727272727273 0.00202231636552
0.072625698324 0.00202300949315
0.0725806451613 0.00202300949315
0.0725388601036 0.00202300949315
0.0724637681159 0.00202300949315
0.0723684210526 0.00202313555334
0.0722891566265 0.00202313555334
0.0722222222222 0.00202313555334
0.0721649484536 0.00202313555334
0.0720720720721 0.00202313555334
0.0719696969697 0.00202313555334
0.0719424460432 0.00202313555334
0.0718954248366 0.00202313555334
0.071875 0.00202313555334
0.0717948717949 0.00202313555334
0.0717703349282 0.00202313555334
0.0714285714286 0.00202313555334
0.0710659898477 0.00146935858656
0.0710382513661 0.00146935858656
0.070987654321 0.00146935858656
0.0709677419355 0.00146935858656
0.0709219858156 0.00146935858656
0.0708661417323 0.00146935858656
0.0708446866485 0.00146935858656
0.070796460177 0.00146935858656
0.0707070707071 0.00146935858656
0.070652173913 0.00146935858656
0.0705882352941 0.00146935858656
0.0705128205128 0.00146942045774
0.0704225352113 0.00146942045774
0.0703125 0.00146948233165
0.0702702702703 0.00146954420829
0.0701754385965 0.00146954420829
0.07 0.00146960608766
0.0699300699301 0.00146960608766
0.0698924731183 0.00146960608766
0.0697674418605 0.00146960608766
0.0696517412935 0.00146987458912
0.0696202531646 0.00146987458912
0.0695652173913 0.00146987458912
0.0694980694981 0.00146993647443
0.0694444444444 0.00146993647443
0.0693641618497 0.00147030784359
0.0693069306931 0.00147030784359
0.0692640692641 0.00147030784359
0.0692307692308 0.00147030784359
0.0691489361702 0.00147030784359
0.0691244239631 0.00147030784359
0.0689655172414 0.00147030784359
0.0687830687831 0.00147388165758
0.06875 0.00147388165758
0.0687022900763 0.00147388165758
0.0686274509804 0.00147388165758
0.0684931506849 0.00147388165758
0.0684210526316 0.00147388165758
0.0683760683761 0.00147388165758
0.0681818181818 0.00147388165758
0.0680272108844 0.00147425396506
0.068 0.00147425396506
0.0679611650485 0.00147425396506
0.0679012345679 0.00147425396506
0.0678733031674 0.00147425396506
0.0677966101695 0.00147425396506
0.0677083333333 0.00147437808937
0.0676691729323 0.00147437808937
0.0675675675676 0.00147456429629
0.0675105485232 0.00147456429629
0.0674846625767 0.00147456429629
0.0674157303371 0.00147456429629
0.0673758865248 0.00147456429629
0.0673076923077 0.00147456429629
0.0672268907563 0.00147456429629
0.0671641791045 0.00147456429629
0.0671140939597 0.00147456429629
0.0670731707317 0.00147456429629
0.0670391061453 0.00147456429629
0.066985645933 0.00147456429629
0.0668789808917 0.00147456429629
0.0666666666667 0.00147456429629
0.0663716814159 0.00134038383023
0.0663265306122 0.00134050771244
0.0662983425414 0.00134050771244
0.066265060241 0.00134050771244
0.0662251655629 0.00134050771244
0.0661764705882 0.00134050771244
0.0661478599222 0.00134050771244
0.0661157024793 0.00134050771244
0.0660377358491 0.00134050771244
0.0659898477157 0.00134050771244
0.0659340659341 0.00134050771244
0.0657894736842 0.00134056965758
0.0657439446367 0.00132416214099
0.0657276995305 0.00132416214099
0.0656934306569 0.00132416214099
0.0656565656566 0.00132416214099
0.0655737704918 0.00132422407068
0.0654205607477 0.00132434793813
0.0653846153846 0.00132434793813
0.0653594771242 0.00132434793813
0.0652173913043 0.00132434793813
0.0650406504065 0.00132568384051
0.0649350649351 0.00132574579343
0.0648648648649 0.00132599363198
0.0648148148148 0.00132599363198
0.0647482014388 0.00132599363198
0.0647058823529 0.00132599363198
0.0646766169154 0.00132599363198
0.0645161290323 0.00132599363198
0.0643564356436 0.00137633956615
0.0643274853801 0.00137633956615
0.0642857142857 0.00137633956615
0.0642201834862 0.00137633956615
0.0641025641026 0.00137633956615
0.064 0.00137658761387
0.0639534883721 0.0013766496325
0.063829787234 0.0013766496325
0.0637254901961 0.0013772079207
0.0636942675159 0.0013772079207
0.063670411985 0.0013772079207
0.0636363636364 0.00137726996611
0.0635593220339 0.00137726996611
0.0634920634921 0.00137726996611
0.0633802816901 0.00137870306343
0.0632911392405 0.00137870306343
0.0632183908046 0.00137870306343
0.0631578947368 0.00137870306343
0.0631067961165 0.00137876511338
0.0630630630631 0.00137876511338
0.0629921259843 0.00137876511338
0.0629370629371 0.00137876511338
0.062893081761 0.00137876511338
0.0628571428571 0.00137876511338
0.0628272251309 0.00137876511338
0.0628019323671 0.00137876511338
0.0627802690583 0.00137876511338
0.0627615062762 0.00137876511338
0.0627450980392 0.00137876511338
0.0625 0.00137876511338
0.0622950819672 0.00127835245838
0.0621761658031 0.00127835245838
0.0621468926554 0.00127835245838
0.0620689655172 0.00127835245838
0.062015503876 0.00127835245838
0.0619469026549 0.00127835245838
0.0618556701031 0.00127835245838
0.061797752809 0.00127835245838
0.0617283950617 0.00127835245838
0.0616438356164 0.00127847661683
0.0615942028986 0.00127847661683
0.0615384615385 0.00127847661683
0.0614754098361 0.00127847661683
0.0614035087719 0.00127853870003
0.0613496932515 0.00127860078588
0.0612244897959 0.00127860078588
0.0611111111111 0.00127917712898
0.0610687022901 0.00127917712898
0.0610328638498 0.00127923923356
0.0609756097561 0.00127923923356
0.0609318996416 0.00127923923356
0.0609137055838 0.00127923923356
0.0608695652174 0.00127923923356
0.0608108108108 0.00127923923356
0.060773480663 0.00127923923356
0.0607287449393 0.00127923923356
0.0606060606061 0.00127930134078
0.0604651162791 0.00128060620464
0.0604395604396 0.00128060620464
0.0604026845638 0.00128060620464
0.0603448275862 0.00128060620464
0.0603174603175 0.00128060620464
0.0602409638554 0.00128066837017
0.0601851851852 0.00128066837017
0.0601503759398 0.00128066837017
0.0601092896175 0.00128066837017
0.06 0.00128066837017
0.059880239521 0.00128141456321
0.0598290598291 0.00128141456321
0.0597826086957 0.00128141456321
0.0597014925373 0.0012814767632
0.0596026490066 0.00128041321341
0.0595744680851 0.00128041321341
0.0595611285266 0.00128041321341
0.0595238095238 0.00128041321341
0.0594594594595 0.0012804752514
0.0594059405941 0.0012804752514
0.0593607305936 0.0012804752514
0.0593220338983 0.0012804752514
0.0592885375494 0.0012804752514
0.0592592592593 0.0012804752514
0.0592105263158 0.0012804752514
0.0591715976331 0.0012804752514
0.0590909090909 0.0012804752514
0.0590717299578 0.00128059933529
0.0590551181102 0.00128059933529
0.0588235294118 0.00128059933529
0.0585365853659 0.0012317972135
0.0585106382979 0.0012317972135
0.0584795321637 0.0012317972135
0.0584415584416 0.0012317972135
0.0584192439863 0.0012317972135
0.0583941605839 0.00123185903149
0.0583333333333 0.00123185903149
0.0582524271845 0.00123185903149
0.0582010582011 0.00123185903149
0.0581395348837 0.00123185903149
0.0579710144928 0.00123185903149
0.0578512396694 0.00123222999419
0.0578034682081 0.00123222999419
0.0576923076923 0.00123222999419
0.0575916230366 0.00123253920149
0.0575539568345 0.00123253920149
0.0574712643678 0.00123253920149
0.0574162679426 0.00123253920149
0.0573770491803 0.00123253920149
0.0573248407643 0.00123253920149
0.0572916666667 0.00123253920149
0.057268722467 0.00123253920149
0.0572390572391 0.00123253920149
0.0571428571429 0.00123253920149
0.0569620253165 0.00123371478379
0.0569105691057 0.00123371478379
0.0568181818182 0.00123371478379
0.0567375886525 0.00123433388945
0.0566801619433 0.00123433388945
0.0566037735849 0.00123433388945
0.0565217391304 0.00123482936175
0.0564971751412 0.00123482936175
0.0564516129032 0.00123482936175
0.0564102564103 0.00123489130752
0.056338028169 0.0012349532559
0.0562913907285 0.00123501520688
0.0562770562771 0.00123501520688
0.05625 0.00123501520688
0.0561797752809 0.00123568683558
0.0560747663551 0.00123568683558
0.056 0.00123568683558
0.0559440559441 0.00123568683558
0.055900621118 0.00123568683558
0.0558659217877 0.00123568683558
0.0558375634518 0.00123568683558
0.0557184750733 0.00123568683558
0.0555555555556 0.00123568683558
0.0553359683794 0.00114496824769
0.0552995391705 0.00114496824769
0.0552763819095 0.00114496824769
0.0552486187845 0.00114496824769
0.0552147239264 0.00114496824769
0.0551724137931 0.00114496824769
0.0551181102362 0.00114502960948
0.0550458715596 0.00114502960948
0.055 0.00114502960948
0.0549450549451 0.00114502960948
0.0547945205479 0.00114502960948
0.0547263681592 0.00114502960948
0.0546875 0.00114502960948
0.0546448087432 0.00114502960948
0.0545454545455 0.00114502960948
0.0544554455446 0.00114545921355
0.0544217687075 0.00114545921355
0.054347826087 0.00114545921355
0.0542986425339 0.00114545921355
0.0542635658915 0.00114545921355
0.0542168674699 0.00114545921355
0.0541871921182 0.00114545921355
0.0540540540541 0.00114545921355
0.0539215686275 0.00114610494215
0.0538922155689 0.00114610494215
0.0538461538462 0.00114610494215
0.0537634408602 0.00114610494215
0.0537190082645 0.00114610494215
0.0536912751678 0.00114610494215
0.0535714285714 0.00114610494215
0.0534351145038 0.00114632496815
0.0533980582524 0.00114632496815
0.0533333333333 0.00114632496815
0.0532544378698 0.00114632496815
0.0531914893617 0.00114632496815
0.0531400966184 0.00114632496815
0.0530973451327 0.00114632496815
0.0530612244898 0.00114632496815
0.0530303030303 0.00114632496815
0.0530035335689 0.00114632496815
0.0529801324503 0.00114632496815
0.0529411764706 0.00114632496815
0.0529100529101 0.00114632496815
0.0528846153846 0.00114632496815
0.0528634361233 0.00114632496815
0.0528455284553 0.00114632496815
0.0526315789474 0.00114632496815
0.0524691358025 0.00114531706733
0.052380952381 0.00114531706733
0.0523560209424 0.00114531706733
0.0523255813953 0.00114531706733
0.0522875816993 0.00114531706733
0.0522648083624 0.00114531706733
0.0522388059701 0.00114531706733
0.0522088353414 0.00114531706733
0.0521739130435 0.00114531706733
0.0521327014218 0.00114537810602
0.0520833333333 0.00114537810602
0.0520231213873 0.00114543914724
0.0519480519481 0.00114543914724
0.0518867924528 0.00114543914724
0.0518518518519 0.00114543914724
0.0518134715026 0.00114543914724
0.0517928286853 0.00114543914724
0.051724137931 0.00114543914724
0.0516129032258 0.00114543914724
0.0515873015873 0.00114543914724
0.0515463917526 0.00114543914724
0.0514705882353 0.00114543914724
0.0514285714286 0.00114543914724
0.0514018691589 0.00114543914724
0.0512820512821 0.00114543914724
0.0511945392491 0.00114604969845
0.0511627906977 0.00114604969845
0.0511363636364 0.00114604969845
0.0510948905109 0.00114604969845
0.0510638297872 0.00114604969845
0.0510204081633 0.00114604969845
0.0509554140127 0.00114604969845
0.0509259259259 0.00114604969845
0.0508474576271 0.00114604969845
0.05078125 0.00114611076748
0.0507614213198 0.00114611076748
0.0507246376812 0.00114611076748
0.0506329113924 0.00114623291311
0.0505836575875 0.00114635506886
0.0505617977528 0.00114635506886
0.0505319148936 0.00114635506886
0.0505050505051 0.00114635506886
0.0504587155963 0.00114635506886
0.0504201680672 0.00114635506886
0.0503597122302 0.00114635506886
0.0503144654088 0.00114635506886
0.0502793296089 0.00114635506886
0.0502512562814 0.00114635506886
0.0502092050209 0.00114635506886
0.05 0.00114635506886
0.0498220640569 0.00114719792517
0.0498084291188 0.00114719792517
0.0497512437811 0.00114719792517
0.0497237569061 0.00114719792517
0.0496894409938 0.00114719792517
0.0496453900709 0.00114719792517
0.0496183206107 0.00114719792517
0.0495867768595 0.00114719792517
0.049504950495 0.00114719792517
0.0494699646643 0.00114725898436
0.0494505494505 0.00114725898436
0.0494296577947 0.00114725898436
0.0493827160494 0.00114725898436
0.0493273542601 0.00114725898436
0.0492957746479 0.00114725898436
0.0492610837438 0.00114725898436
0.0491803278689 0.00114725898436
0.0491228070175 0.00114738111032
0.0491071428571 0.00114738111032
0.0490797546012 0.00114738111032
0.0490196078431 0.00114738111032
0.048951048951 0.00114738111032
0.0489130434783 0.00114738111032
0.0487804878049 0.00114738111032
0.0486725663717 0.00114774754875
0.0486111111111 0.00114774754875
0.0485829959514 0.00114774754875
0.0485436893204 0.00114774754875
0.0484848484848 0.00114774754875
0.0484581497797 0.00114774754875
0.0483870967742 0.00114774754875
0.0483271375465 0.00114774754875
0.048309178744 0.00114774754875
0.048275862069 0.00114774754875
0.0481927710843 0.00114774754875
0.048128342246 0.00114774754875
0.0481099656357 0.00114774754875
0.0480769230769 0.00114774754875
0.048 0.00114774754875
0.0479452054795 0.00114780863065
0.0479041916168 0.00114780863065
0.0478723404255 0.00114780863065
0.0478468899522 0.00114780863065
0.0478260869565 0.00114780863065
0.047619047619 0.00114780863065
0.0473933649289 0.00114978031062
0.0473684210526 0.00114978031062
0.0473372781065 0.00114978031062
0.0472972972973 0.00114978031062
0.0472440944882 0.00114978031062
0.0471698113208 0.00114978031062
0.0471204188482 0.00115145808714
0.0471014492754 0.00115145808714
0.0470588235294 0.00115145808714
0.0470085470085 0.00115158011799
0.0469798657718 0.00115158011799
0.0469483568075 0.00115158011799
0.046875 0.00115158011799
0.0468085106383 0.00115164113717
0.046783625731 0.00115164113717
0.0467289719626 0.00115164113717
0.0466926070039 0.00115164113717
0.0466666666667 0.00115164113717
0.0466321243523 0.00115164113717
0.0465949820789 0.00115164113717
0.046511627907 0.00115164113717
0.0464285714286 0.00115206834159
0.0463917525773 0.00115206834159
0.046357615894 0.00115206834159
0.0462962962963 0.00115206834159
0.0462633451957 0.00115206834159
0.0462427745665 0.00115206834159
0.0461538461538 0.00115206834159
0.0460829493088 0.00115212938081
0.0460526315789 0.00115212938081
0.0460251046025 0.00115212938081
0.0459770114943 0.00115212938081
0.0459363957597 0.00115212938081
0.0459183673469 0.00115212938081
0.045871559633 0.00115212938081
0.0458333333333 0.00115212938081
0.0458015267176 0.00115212938081
0.0457516339869 0.00115219042254
0.0457142857143 0.00115225146677
0.0456852791878 0.00115225146677
0.0456621004566 0.00115225146677
0.045643153527 0.00115225146677
0.0454545454545 0.00115225146677
0.0452261306533 0.00115249189901
0.045197740113 0.00115249189901
0.0451612903226 0.00115249189901
0.0451127819549 0.00115249189901
0.045045045045 0.00115249189901
0.045 0.00115249189901
0.0449826989619 0.00115249189901
0.0449438202247 0.00115249189901
0.0448979591837 0.00115255285792
0.0448717948718 0.00115255285792
0.0448430493274 0.00115255285792
0.044776119403 0.00115255285792
0.0447284345048 0.0011527967185
0.0446927374302 0.0011527967185
0.0446428571429 0.0011527967185
0.0445859872611 0.0011527967185
0.0445544554455 0.0011527967185
0.0444444444444 0.0011527967185
0.0443349753695 0.00115291866378
0.0443037974684 0.00115291866378
0.0442477876106 0.00115304061904
0.0441988950276 0.00115304061904
0.0441767068273 0.00115304061904
0.0441176470588 0.00115304061904
0.0440528634361 0.00115304061904
0.0440251572327 0.00115304061904
0.044 0.00115304061904
0.043956043956 0.00115304061904
0.0439024390244 0.00115304061904
0.0438596491228 0.00115304061904
0.0438247011952 0.00115304061904
0.043795620438 0.00115304061904
0.04375 0.00115304061904
0.0437158469945 0.00115304061904
0.0436893203883 0.00115304061904
0.0434782608696 0.00115304061904
0.0432692307692 0.00115364867241
0.0432098765432 0.00115364867241
0.0431654676259 0.00115364867241
0.043137254902 0.00115364867241
0.0431034482759 0.00115364867241
0.0430622009569 0.00115364867241
0.0430107526882 0.00115364867241
0.0429447852761 0.00115364867241
0.0429184549356 0.00115364867241
0.0428571428571 0.00115364867241
0.0427807486631 0.00115364867241
0.042735042735 0.00115364867241
0.0426829268293 0.00115364867241
0.042654028436 0.00115364867241
0.0425531914894 0.00115364867241
0.0424528301887 0.00115370964616
0.0424242424242 0.00115370964616
0.0423728813559 0.00115370964616
0.042328042328 0.00115370964616
0.0422535211268 0.00115370964616
0.0421686746988 0.0011537706224
0.0421052631579 0.0011537706224
0.0420560747664 0.0011537706224
0.0420168067227 0.0011537706224
0.041958041958 0.0011537706224
0.0419161676647 0.0011537706224
0.0418848167539 0.0011537706224
0.0418604651163 0.0011537706224
0.0418410041841 0.0011537706224
0.041782729805 0.0011537706224
0.0416666666667 0.0011537706224
0.0415094339623 0.00113493070854
0.0414937759336 0.00113493070854
0.0414746543779 0.00113493070854
0.0414507772021 0.00113493070854
0.0414201183432 0.00113493070854
0.0413793103448 0.00113493070854
0.0413223140496 0.00113493070854
0.0412371134021 0.00113493070854
0.0411985018727 0.00113499143299
0.0411764705882 0.00113499143299
0.041095890411 0.00113499143299
0.0410256410256 0.00113499143299
0.0409836065574 0.00113499143299
0.0409356725146 0.00113499143299
0.0409090909091 0.00113499143299
0.0408163265306 0.00113499143299
0.0407407407407 0.00113505215992
0.0407239819005 0.00113505215992
0.0406976744186 0.00113505215992
0.0406779661017 0.00113505215992
0.0406504065041 0.00113505215992
0.0406091370558 0.00113505215992
0.0405904059041 0.00113505215992
0.0405405405405 0.00113505215992
0.0404858299595 0.00113505215992
0.0404624277457 0.00113505215992
0.040404040404 0.00113505215992
0.0403587443946 0.00113505215992
0.0403225806452 0.00113505215992
0.0402684563758 0.00113505215992
0.0402298850575 0.00113505215992
0.0402010050251 0.00113505215992
0.0401459854015 0.00113505215992
0.04 0.00113505215992
0.0398230088496 0.00113497576539
0.0398009950249 0.00113497576539
0.0397727272727 0.00113497576539
0.0397350993377 0.00113497576539
0.0396825396825 0.00113497576539
0.039603960396 0.00113497576539
0.0395480225989 0.00113497576539
0.0395256916996 0.00113497576539
0.0394736842105 0.00113497576539
0.0394265232975 0.00113497576539
0.0394088669951 0.00113497576539
0.0393939393939 0.00113497576539
0.0393700787402 0.00113497576539
0.0393258426966 0.00113497576539
0.0393013100437 0.00113497576539
0.0392857142857 0.00113497576539
0.0392156862745 0.00113497576539
0.0391304347826 0.00113497576539
0.0391061452514 0.00113503646747
0.0390625 0.00113503646747
0.0390243902439 0.00113503646747
0.038961038961 0.00113503646747
0.0388888888889 0.00113509717204
0.0388692579505 0.00113509717204
0.0388349514563 0.00113509717204
0.0387931034483 0.00113509717204
0.0387596899225 0.00113509717204
0.0387096774194 0.00113509717204
0.0386740331492 0.00113509717204
0.0386473429952 0.00113509717204
0.0385964912281 0.00113509717204
0.0384615384615 0.00113509717204
0.0382775119617 0.00113485378547
0.0382513661202 0.00113485378547
0.0382165605096 0.00113485378547
0.0381679389313 0.00113485378547
0.0381355932203 0.00113485378547
0.0380952380952 0.00113485378547
0.0380434782609 0.00113485378547
0.0379746835443 0.00113485378547
0.0379146919431 0.00113485378547
0.0378787878788 0.00113485378547
0.0378378378378 0.00113485378547
0.0378151260504 0.00113485378547
0.0377358490566 0.00113485378547
0.0376712328767 0.00113485378547
0.0376569037657 0.00113485378547
0.0376344086022 0.00113485378547
0.0375939849624 0.00113485378547
0.037558685446 0.00113485378547
0.0375 0.00113485378547
0.0374331550802 0.00113485378547
0.0373831775701 0.00113485378547
0.0373134328358 0.00113485378547
0.0372881355932 0.00113485378547
0.0372670807453 0.00113485378547
0.0372340425532 0.00113485378547
0.0372093023256 0.00113485378547
0.0371900826446 0.00113485378547
0.0371747211896 0.00113485378547
0.037037037037 0.00113485378547
0.036866359447 0.00113470188311
0.0368421052632 0.00113470188311
0.0368098159509 0.00113470188311
0.0367647058824 0.00113470188311
0.0367346938776 0.00113476252565
0.0366972477064 0.00113476252565
0.0366492146597 0.00113476252565
0.0365853658537 0.00113476252565
0.0365448504983 0.00113476252565
0.036496350365 0.00113476252565
0.0364583333333 0.00113476252565
0.0364372469636 0.00113476252565
0.0363636363636 0.00113476252565
0.0362903225806 0.00113476252565
0.0362694300518 0.00113476252565
0.036231884058 0.00113476252565
0.0361990950226 0.00113476252565
0.0361445783133 0.00113476252565
0.0361010830325 0.00113476252565
0.0360824742268 0.00113476252565
0.036036036036 0.00113476252565
0.0359712230216 0.00113476252565
0.0359281437126 0.00113476252565
0.0359116022099 0.00113476252565
0.0358974358974 0.00113476252565
0.0358744394619 0.00113476252565
0.0358565737052 0.00113476252565
0.0358422939068 0.00113476252565
0.0357142857143 0.00113476252565
0.0355987055016 0.00113411051335
0.0355555555556 0.00113411051335
0.0355329949239 0.00113411051335
0.0355191256831 0.00113411051335
0.0355029585799 0.00113411051335
0.0354609929078 0.00113411051335
0.0353982300885 0.00113411051335
0.0353535353535 0.00113411051335
0.0352941176471 0.00113411051335
0.0352564102564 0.00113411051335
0.0352112676056 0.00113411051335
0.035175879397 0.00113411051335
0.0350877192982 0.00113411051335
0.035 0.00113411051335
0.034965034965 0.00113411051335
0.0348837209302 0.00113411051335
0.0348525469169 0.00113411051335
0.0348258706468 0.00113411051335
0.0347826086957 0.00113411051335
0.0347222222222 0.00113411051335
0.0346820809249 0.00113411051335
0.0346534653465 0.00113411051335
0.0346153846154 0.00113411051335
0.0344827586207 0.00113411051335
0.0343347639485 0.00113373196574
0.0343137254902 0.00113373196574
0.0342857142857 0.00113373196574
0.0342465753425 0.00113373196574
0.034188034188 0.00113373196574
0.0341463414634 0.00113373196574
0.0340909090909 0.00113373196574
0.0340425531915 0.00113373196574
0.0340136054422 0.00113373196574
0.0339805825243 0.00113373196574
0.0339622641509 0.00113373196574
0.0338983050847 0.00113373196574
0.0338164251208 0.00113373196574
0.0337837837838 0.00113373196574
0.0337552742616 0.00113373196574
0.0337078651685 0.00113373196574
0.0336538461538 0.00113373196574
0.0336134453782 0.00113373196574
0.0335570469799 0.00113373196574
0.0335365853659 0.00113373196574
0.0335195530726 0.00113373196574
0.0334928229665 0.00113373196574
0.0334728033473 0.00113373196574
0.0333333333333 0.00113373196574
0.0332103321033 0.00113362604646
0.0331950207469 0.00113362604646
0.0331753554502 0.00113362604646
0.0331491712707 0.00113362604646
0.0331125827815 0.00113362604646
0.0330882352941 0.00113362604646
0.0330578512397 0.00113362604646
0.0330188679245 0.00113362604646
0.032967032967 0.00113362604646
0.0329218106996 0.00113362604646
0.0328947368421 0.00113362604646
0.0328638497653 0.00113362604646
0.0327868852459 0.00113362604646
0.0327102803738 0.00113368657273
0.0326797385621 0.00113368657273
0.0326530612245 0.00113368657273
0.0326086956522 0.00113368657273
0.0325203252033 0.00113368657273
0.0324675324675 0.00113368657273
0.0324324324324 0.00113368657273
0.0324074074074 0.00113368657273
0.0323886639676 0.00113368657273
0.0323741007194 0.00113368657273
0.0322580645161 0.00113368657273
0.0321428571429 0.00113341431483
0.0321285140562 0.00113341431483
0.0320855614973 0.00113341431483
0.0320512820513 0.00113341431483
0.032 0.00113341431483
0.0319634703196 0.00113341431483
0.031914893617 0.00113341431483
0.0318725099602 0.00113341431483
0.031847133758 0.00113341431483
0.031746031746 0.00113341431483
0.0316742081448 0.00113341431483
0.0316455696203 0.00113341431483
0.0316205533597 0.00113341431483
0.0315789473684 0.00113341431483
0.0315457413249 0.00113341431483
0.0314960629921 0.00113341431483
0.0314465408805 0.00113341431483
0.0314136125654 0.00113341431483
0.0313901345291 0.00113341431483
0.03125 0.00113341431483
0.0311418685121 0.0011333689917
0.0311284046693 0.0011333689917
0.0311111111111 0.0011333689917
0.0310880829016 0.0011333689917
0.0310559006211 0.0011333689917
0.031007751938 0.0011333689917
0.0309734513274 0.0011333689917
0.0309278350515 0.0011333689917
0.0308988764045 0.0011333689917
0.030888030888 0.0011333689917
0.0308641975309 0.0011333689917
0.0308370044053 0.0011333689917
0.0308219178082 0.0011333689917
0.0307692307692 0.0011333689917
0.030701754386 0.00113342948341
0.0306748466258 0.00113342948341
0.0306513409962 0.00113342948341
0.030612244898 0.00113342948341
0.0305676855895 0.00113342948341
0.030534351145 0.00113342948341
0.030487804878 0.00113342948341
0.0304568527919 0.00113342948341
0.0304347826087 0.00113342948341
0.0304182509506 0.00113342948341
0.0303951367781 0.00113342948341
0.030303030303 0.00113342948341
0.0301886792453 0.00113332368197
0.0301724137931 0.00113332368197
0.0301507537688 0.00113332368197
0.0301204819277 0.00113332368197
0.0300751879699 0.00113332368197
0.03 0.00113332368197
0.0299625468165 0.00113332368197
0.0299401197605 0.00113332368197
0.0299145299145 0.00113332368197
0.0298507462687 0.00113332368197
0.0297872340426 0.00113332368197
0.0297619047619 0.00113332368197
0.029702970297 0.00113332368197
0.0296610169492 0.00113332368197
0.0296296296296 0.00113332368197
0.0295857988166 0.00113332368197
0.0295566502463 0.00113332368197
0.0295358649789 0.00113332368197
0.0294985250737 0.00113332368197
0.0294117647059 0.00113332368197
0.0293159609121 0.00113299127884
0.0292887029289 0.00113299127884
0.0292682926829 0.00113299127884
0.0292397660819 0.00113299127884
0.0292207792208 0.00113299127884
0.029197080292 0.00113299127884
0.0291666666667 0.00113299127884
0.0291262135922 0.00113299127884
0.0290909090909 0.00113299127884
0.0290697674419 0.00113299127884
0.0290456431535 0.00113299127884
0.0289855072464 0.00113299127884
0.0289256198347 0.00113299127884
0.028901734104 0.00113299127884
0.028880866426 0.00113299127884
0.0288461538462 0.00113299127884
0.0288065843621 0.00113299127884
0.0287769784173 0.00113299127884
0.0287356321839 0.00113299127884
0.0287081339713 0.00113299127884
0.0286885245902 0.00113299127884
0.0286738351254 0.00113299127884
0.0285714285714 0.00113299127884
0.0284552845528 0.00102773725407
0.0284360189573 0.00102773725407
0.0284090909091 0.00102773725407
0.0283687943262 0.00102773725407
0.0283400809717 0.00102773725407
0.0283018867925 0.00102773725407
0.0282485875706 0.00102773725407
0.0281690140845 0.00102773725407
0.028125 0.00102773725407
0.0281124497992 0.00102773725407
0.0280898876404 0.00102773725407
0.0280373831776 0.00102773725407
0.028 0.00102773725407
0.027972027972 0.00102773725407
0.0279329608939 0.00102773725407
0.0279069767442 0.00102773725407
0.0278884462151 0.00102773725407
0.0277777777778 0.00102773725407
0.0276679841897 0.00102773725407
0.0276497695853 0.00102773725407
0.0276243093923 0.00102773725407
0.0275862068966 0.00102773725407
0.0275590551181 0.00102773725407
0.0275229357798 0.00102773725407
0.0274914089347 0.00102773725407
0.0274725274725 0.00102773725407
0.0274509803922 0.00102773725407
0.027397260274 0.00102773725407
0.02734375 0.00102773725407
0.0273224043716 0.00102773725407
0.0272727272727 0.00102773725407
0.0272108843537 0.00102773725407
0.0271903323263 0.00102773725407
0.0271739130435 0.00102773725407
0.027149321267 0.00102773725407
0.0271317829457 0.00102773725407
0.027027027027 0.00102773725407
0.0269461077844 0.00102729953271
0.0269058295964 0.00102729953271
0.0268817204301 0.00102729953271
0.0268456375839 0.00102729953271
0.0268292682927 0.00102729953271
0.0268199233716 0.00102729953271
0.0267857142857 0.00102729953271
0.0267379679144 0.00102729953271
0.0267175572519 0.00102729953271
0.0266666666667 0.00102729953271
0.0265957446809 0.00102729953271
0.0265486725664 0.00102729953271
0.0265151515152 0.00102729953271
0.0264900662252 0.00102729953271
0.026455026455 0.00102729953271
0.0264317180617 0.00102729953271
0.0263157894737 0.00102729953271
0.0262172284644 0.00102663618344
0.0262008733624 0.00102663618344
0.0261780104712 0.00102663618344
0.0261437908497 0.00102663618344
0.0260869565217 0.00102663618344
0.0260416666667 0.00102663618344
0.025974025974 0.00102663618344
0.0259259259259 0.00102663618344
0.0259067357513 0.00102663618344
0.0258620689655 0.00102663618344
0.0258064516129 0.00102663618344
0.0257731958763 0.00102663618344
0.0257510729614 0.00102663618344
0.025641025641 0.00102663618344
0.0255474452555 0.000920885315865
0.0255319148936 0.000920885315865
0.0255102040816 0.000920885315865
0.0254957507082 0.000920885315865
0.0254777070064 0.000920885315865
0.0254545454545 0.000920885315865
0.0254237288136 0.000920885315865
0.0253807106599 0.000920885315865
0.0253623188406 0.000920885315865
0.0253164556962 0.000920885315865
0.0252525252525 0.000920885315865
0.0252100840336 0.000920885315865
0.0251572327044 0.000920885315865
0.0251256281407 0.000920885315865
0.0251046025105 0.000920885315865
0.025 0.000920885315865
0.0249110320285 0.000873140322727
0.0248962655602 0.000873140322727
0.0248756218905 0.000873140322727
0.0248447204969 0.000873140322727
0.0248226950355 0.000873140322727
0.0247933884298 0.000873140322727
0.0247524752475 0.000873140322727
0.0247349823322 0.000873140322727
0.0246913580247 0.000873140322727
0.0246575342466 0.000873140322727
0.0246305418719 0.000873140322727
0.0245901639344 0.000873140322727
0.0245398773006 0.000873140322727
0.0245098039216 0.000873140322727
0.0244897959184 0.000873140322727
0.0243902439024 0.000873140322727
0.0242914979757 0.000873200534264
0.0242718446602 0.000873200534264
0.0242424242424 0.000873200534264
0.0241935483871 0.000873200534264
0.024154589372 0.000873200534264
0.0240963855422 0.000873200534264
0.0240384615385 0.000873200534264
0.024 0.000873200534264
0.0239520958084 0.000873200534264
0.0239234449761 0.000873200534264
0.0238095238095 0.000873200534264
0.0237154150198 0.000873035387484
0.0236966824645 0.000873035387484
0.0236686390533 0.000873035387484
0.0236220472441 0.000873035387484
0.0235849056604 0.000873035387484
0.0235294117647 0.000873035387484
0.0234741784038 0.000873035387484
0.0234375 0.000873035387484
0.0233918128655 0.000873035387484
0.0233644859813 0.000873035387484
0.0233463035019 0.000873035387484
0.0232558139535 0.000873035387484
0.023178807947 0.000872870302813
0.023166023166 0.000872870302813
0.0231481481481 0.000872870302813
0.0231213872832 0.000872870302813
0.0230769230769 0.000872870302813
0.0230414746544 0.000872870302813
0.0229885057471 0.000872870302813
0.0229357798165 0.000872870302813
0.0229007633588 0.000872870302813
0.0228758169935 0.000872870302813
0.0228571428571 0.000872870302813
0.0228310502283 0.000872870302813
0.0228136882129 0.000872870302813
0.022792022792 0.000872870302813
0.0227272727273 0.000872870302813
0.022641509434 0.00087270528022
0.0226244343891 0.00087270528022
0.0225988700565 0.00087270528022
0.0225563909774 0.00087270528022
0.0225225225225 0.00087270528022
0.0225080385852 0.00087270528022
0.0224719101124 0.00087270528022
0.0224215246637 0.00087270528022
0.0223880597015 0.00087270528022
0.0223463687151 0.00087270528022
0.0223214285714 0.00087270528022
0.0222222222222 0.00087270528022
0.0221402214022 0.00087270528022
0.0221238938053 0.00087270528022
0.0220994475138 0.00087270528022
0.0220588235294 0.00087270528022
0.0220264317181 0.00087270528022
0.021978021978 0.00087270528022
0.021897810219 0.00087270528022
0.0218579234973 0.00087270528022
0.0217391304348 0.00087270528022
0.021645021645 0.000872105921264
0.0216216216216 0.000872105921264
0.0215827338129 0.000872105921264
0.0215517241379 0.000872105921264
0.0215053763441 0.000872105921264
0.0214592274678 0.000872105921264
0.0214285714286 0.000872105921264
0.0213903743316 0.000872105921264
0.0213523131673 0.000872105921264
0.0212765957447 0.000872105921264
0.021186440678 0.000871776528486
0.021164021164 0.000871776528486
0.0211267605634 0.000871776528486
0.0210970464135 0.000871776528486
0.0210843373494 0.000871776528486
0.0210526315789 0.000871776528486
0.0210084033613 0.000871776528486
0.020979020979 0.000871776528486
0.020942408377 0.000871776528486
0.0209205020921 0.000871776528486
0.0209059233449 0.000871776528486
0.0208333333333 0.000871776528486
0.0207612456747 0.000871776528486
0.0207468879668 0.000871776528486
0.020725388601 0.000871776528486
0.0206896551724 0.000871776528486
0.0206611570248 0.000871776528486
0.020618556701 0.000871776528486
0.0205761316872 0.000871776528486
0.0205479452055 0.000871776528486
0.0205278592375 0.000871776528486
0.0205128205128 0.000871776528486
0.0204918032787 0.000871776528486
0.0204081632653 0.000871776528486
0.020325203252 0.000871776528486
0.0203045685279 0.000871776528486
0.0202702702703 0.000871776528486
0.0202429149798 0.000871776528486
0.020202020202 0.000871776528486
0.0201612903226 0.000871776528486
0.0201342281879 0.000871776528486
0.0201005025126 0.000871776528486
0.0200803212851 0.000871776528486
0.02 0.000871776528486
0.0199203187251 0.000871178510907
0.0199004975124 0.000871178510907
0.0198675496689 0.000871178510907
0.0198412698413 0.000871178510907
0.0198300283286 0.000871178510907
0.019801980198 0.000871178510907
0.0197628458498 0.000871178510907
0.0197368421053 0.000871178510907
0.0197044334975 0.000871178510907
0.0196850393701 0.000871178510907
0.0196721311475 0.000871178510907
0.0196078431373 0.000871178510907
0.0195439739414 0.00087101413983
0.01953125 0.00087101413983
0.019512195122 0.00087101413983
0.0194805194805 0.00087101413983
0.0194552529183 0.00087101413983
0.0194174757282 0.00087101413983
0.0193798449612 0.00087101413983
0.0193548387097 0.00087101413983
0.0193236714976 0.00087101413983
0.019305019305 0.00087101413983
0.0192307692308 0.00087101413983
0.0191570881226 0.000871074153564
0.0191387559809 0.000871074153564
0.0191082802548 0.000871074153564
0.0190476190476 0.000871074153564
0.0190114068441 0.000871074153564
0.0189873417722 0.000871074153564
0.0189573459716 0.000871074153564
0.0189393939394 0.000871074153564
0.0188679245283 0.000871074153564
0.0187969924812 0.000871074153564
0.018779342723 0.000871074153564
0.01875 0.000871074153564
0.0187265917603 0.000871074153564
0.018691588785 0.000871074153564
0.0186567164179 0.000871074153564
0.0186335403727 0.000871074153564
0.0186046511628 0.000871074153564
0.0185185185185 0.000871074153564
0.0184615384615 0.000871074153564
0.0184501845018 0.000871074153564
0.0184331797235 0.000871074153564
0.0184049079755 0.000871074153564
0.0183486238532 0.000871074153564
0.018315018315 0.000871074153564
0.0182926829268 0.000871074153564
0.0182648401826 0.000871074153564
0.0182481751825 0.000871074153564
0.0181818181818 0.000871074153564
0.018115942029 0.000870909829582
0.0180995475113 0.000870909829582
0.0180722891566 0.000870909829582
0.0180505415162 0.000870909829582
0.018018018018 0.000870909829582
0.0179856115108 0.000870909829582
0.0179640718563 0.000870909829582
0.0179372197309 0.000870909829582
0.0178571428571 0.000870909829582
0.0178041543027 0.000870909829582
0.0177777777778 0.000870909829582
0.0177514792899 0.000870909829582
0.0176991150442 0.000870909829582
0.0176470588235 0.000870909829582
0.0176211453744 0.000870909829582
0.0175879396985 0.000870909829582
0.0175438596491 0.000870909829582
0.0174672489083 0.000870909829582
0.0174418604651 0.000870909829582
0.0174216027875 0.000870909829582
0.0173913043478 0.000870909829582
0.0173611111111 0.000870909829582
0.0173410404624 0.000870909829582
0.017316017316 0.000870909829582
0.0172413793103 0.000870909829582
0.0171673819742 0.000870909829582
0.0171428571429 0.000870909829582
0.017094017094 0.000870909829582
0.0170648464164 0.000870909829582
0.0170454545455 0.000870909829582
0.0170212765957 0.000870909829582
0.0170068027211 0.000870909829582
0.0169491525424 0.000870909829582
0.0168776371308 0.000870909829582
0.0168539325843 0.000870909829582
0.016835016835 0.000870909829582
0.0168067226891 0.000870909829582
0.0167597765363 0.000870909829582
0.0167364016736 0.000870909829582
0.016713091922 0.000870909829582
0.0166666666667 0.000870909829582
0.0165975103734 0.000870909829582
0.0165745856354 0.000870909829582
0.0165562913907 0.000870909829582
0.0165289256198 0.000870909829582
0.0164835164835 0.000870909829582
0.0164609053498 0.000870909829582
0.016393442623 0.000870909829582
0.0163265306122 0.00087080555424
0.0163043478261 0.00087080555424
0.0162866449511 0.00087080555424
0.0162601626016 0.00087080555424
0.0162162162162 0.00087080555424
0.0161943319838 0.00087080555424
0.0161290322581 0.00087080555424
0.0160857908847 0.00087080555424
0.0160642570281 0.00087080555424
0.0160427807487 0.00087080555424
0.016 0.00087080555424
0.0159574468085 0.00087080555424
0.0159362549801 0.00087080555424
0.015873015873 0.00087080555424
0.0158102766798 0.00087080555424
0.0157894736842 0.00087080555424
0.0157480314961 0.00087080555424
0.0157232704403 0.00087080555424
0.0157068062827 0.00087080555424
0.0156862745098 0.00087080555424
0.0156739811912 0.00087080555424
0.015625 0.00087080555424
0.0155642023346 0.000870477185357
0.0155440414508 0.000870477185357
0.015503875969 0.000870477185357
0.0154639175258 0.000870477185357
0.015444015444 0.000870477185357
0.0154320987654 0.000870477185357
0.0153846153846 0.000870477185357
0.0153256704981 0.000870477185357
0.015306122449 0.000870477185357
0.0152671755725 0.000870477185357
0.0152284263959 0.000870477185357
0.0152091254753 0.000870477185357
0.0151515151515 0.000870477185357
0.0150943396226 0.000870477185357
0.0150753768844 0.000870477185357
0.0150602409639 0.000870477185357
0.015037593985 0.000870477185357
0.015 0.000870477185357
0.0149812734082 0.000870477185357
0.0149253731343 0.000870477185357
0.0148698884758 0.000869985093891
0.0148514851485 0.000869985093891
0.0148367952522 0.000869985093891
0.0148148148148 0.000869985093891
0.0147783251232 0.000869985093891
0.0147492625369 0.000869985093891
0.0147058823529 0.000869985093891
0.0146341463415 0.000869657340452
0.014598540146 0.000869657340452
0.0145631067961 0.000869657340452
0.0145454545455 0.000869657340452
0.0144927536232 0.000869657340452
0.014440433213 0.0008694935559
0.0144230769231 0.0008694935559
0.0143884892086 0.0008694935559
0.0143540669856 0.0008694935559
0.0143369175627 0.0008694935559
0.0142857142857 0.0008694935559
0.0142348754448 0.000869329832749
0.0142180094787 0.000869329832749
0.0141843971631 0.000869329832749
0.0141509433962 0.000869329832749
0.0141342756184 0.000869329832749
0.0140845070423 0.000869329832749
0.0140186915888 0.000869329832749
0.013986013986 0.000869329832749
0.0139534883721 0.000869329832749
0.0138888888889 0.000869329832749
0.0138408304498 0.000869329832749
0.0138248847926 0.000869329832749
0.0137931034483 0.000869329832749
0.0137614678899 0.000869329832749
0.0137457044674 0.000869329832749
0.0137362637363 0.000869329832749
0.013698630137 0.000869329832749
0.0136518771331 0.000869329832749
0.0136363636364 0.000869329832749
0.0136054421769 0.000869329832749
0.0135746606335 0.000869329832749
0.0135593220339 0.000869329832749
0.0135135135135 0.000869329832749
0.0134529147982 0.000869329832749
0.0134228187919 0.000869329832749
0.0133928571429 0.000869329832749
0.0133333333333 0.000869329832749
0.0132890365449 0.000869329832749
0.0132743362832 0.000869329832749
0.0132450331126 0.000869329832749
0.0132158590308 0.000869329832749
0.0131578947368 0.000869329832749
0.0131147540984 0.000869329832749
0.0131004366812 0.000869329832749
0.0130718954248 0.000869329832749
0.0130434782609 0.000869329832749
0.012987012987 0.000869329832749
0.0129449838188 0.00086916617097
0.0129310344828 0.00086916617097
0.0129032258065 0.00086916617097
0.0128755364807 0.00086916617097
0.0128617363344 0.00086916617097
0.0128205128205 0.00086916617097
0.0127659574468 0.00086916617097
0.0127388535032 0.00086916617097
0.0127118644068 0.00086916617097
0.0126582278481 0.00086916617097
0.0126050420168 0.00086916617097
0.0125786163522 0.00086916617097
0.0125523012552 0.00086916617097
0.0125 0.00086916617097
0.01246105919 0.00086916617097
0.0124481327801 0.00086916617097
0.0124223602484 0.00086916617097
0.0123966942149 0.00086916617097
0.0123456790123 0.00086916617097
0.0122950819672 0.00086916617097
0.0122699386503 0.00086916617097
0.0122448979592 0.00086916617097
0.0121951219512 0.00086916617097
0.0121580547112 0.00086916617097
0.0121457489879 0.00086916617097
0.0121212121212 0.00086916617097
0.0120967741935 0.00086916617097
0.012084592145 0.00086916617097
0.0120481927711 0.00086916617097
0.012 0.00086916617097
0.0119760479042 0.00086916617097
0.0119521912351 0.00086916617097
0.0119047619048 0.00086916617097
0.0118577075099 0.00086916617097
0.0118343195266 0.00086916617097
0.011811023622 0.00086916617097
0.0117647058824 0.00086916617097
0.01171875 0.00086916617097
0.0116959064327 0.00086916617097
0.011673151751 0.00086916617097
0.0116279069767 0.00086916617097
0.011583011583 0.00086916617097
0.0115606936416 0.00086916617097
0.0115384615385 0.00086916617097
0.0114942528736 0.00086916617097
0.0114503816794 0.000869002570531
0.0114285714286 0.000869002570531
0.0114068441065 0.000869002570531
0.0113636363636 0.000869002570531
0.011320754717 0.000869002570531
0.0112994350282 0.000869002570531
0.0112781954887 0.000869002570531
0.0112359550562 0.000869002570531
0.0111940298507 0.000869002570531
0.0111731843575 0.000869002570531
0.0111524163569 0.000869002570531
0.0111111111111 0.000869002570531
0.0110497237569 0.000869002570531
0.010989010989 0.000869002570531
0.0109489051095 0.000868839031399
0.0109289617486 0.000868839031399
0.0109090909091 0.000868839031399
0.0108695652174 0.000868839031399
0.0108303249097 0.000868839031399
0.0108108108108 0.000868839031399
0.010752688172 0.000868839031399
0.0107142857143 0.000868839031399
0.0106951871658 0.000868839031399
0.0106382978723 0.000868839031399
0.010582010582 0.000868839031399
0.0105263157895 0.000868839031399
0.0104895104895 0.000868839031399
0.0104712041885 0.000868839031399
0.0104529616725 0.000868839031399
0.0104166666667 0.000868839031399
0.0103626943005 0.000868839031399
0.0103448275862 0.000868839031399
0.0103092783505 0.000868839031399
0.0102739726027 0.000868675553544
0.0102564102564 0.000868675553544
0.0102389078498 0.000868675553544
0.0102040816327 0.000868675553544
0.010152284264 0.000868512136935
0.0101351351351 0.000868512136935
0.010101010101 0.000868512136935
0.010067114094 0.000868512136935
0.0100502512563 0.000868512136935
0.01 0.000868512136935
0.00996677740864 0.000868571922412
0.00995024875622 0.000868571922412
0.00990099009901 0.000868571922412
0.00985221674877 0.000868571922412
0.00980392156863 0.000868571922412
0.00975609756098 0.000868571922412
0.00970873786408 0.000868571922412
0.00966183574879 0.000868571922412
0.00961538461538 0.000868571922412
0.00956937799043 0.000868571922412
0.00952380952381 0.000868571922412
0.00947867298578 0.000868408552492
0.00943396226415 0.000868408552492
0.0093896713615 0.000868408552492
0.00934579439252 0.000868408552492
0.0093023255814 0.000868408552492
0.00925925925926 0.000868408552492
0.00921658986175 0.000868408552492
0.00917431192661 0.000868408552492
0.00913242009132 0.000868408552492
0.00909090909091 0.000868408552492
0.00906344410876 0.000868245243761
0.00904977375566 0.000868245243761
0.00900900900901 0.000868245243761
0.00896860986547 0.000868081996186
0.00892857142857 0.000868081996186
0.00888888888889 0.000868081996186
0.00884955752212 0.000868081996186
0.00881057268722 0.000868081996186
0.00877192982456 0.000868081996186
0.00873362445415 0.000868081996186
0.00869565217391 0.000868081996186
0.00865800865801 0.000868081996186
0.00862068965517 0.000868081996186
0.00858369098712 0.000868081996186
0.00854700854701 0.000868081996186
0.00851063829787 0.000868081996186
0.00847457627119 0.000868081996186
0.0084388185654 0.000868081996186
0.00842696629213 0.000868081996186
0.00840336134454 0.000868081996186
0.00836820083682 0.000868081996186
0.00833333333333 0.000868081996186
0.00829875518672 0.000868081996186
0.00826446280992 0.000868081996186
0.0082304526749 0.000868081996186
0.00819672131148 0.000868081996186
0.00816326530612 0.000868081996186
0.00813008130081 0.000868081996186
0.0080971659919 0.000868081996186
0.00806451612903 0.000868081996186
0.00803212851406 0.000868081996186
0.008 0.000868081996186
0.00796812749004 0.000868081996186
0.00793650793651 0.000868081996186
0.00787401574803 0.000868081996186
0.0078431372549 0.000867918809737
0.0078125 0.000867918809737
0.00778210116732 0.000867755684382
0.0077519379845 0.000867755684382
0.00772200772201 0.000762159621281
0.00769230769231 0.000762159621281
0.00766283524904 0.000762159621281
0.00763358778626 0.000762159621281
0.00760456273764 0.000762159621281
0.00757575757576 0.000762159621281
0.00754716981132 0.000762159621281
0.00751879699248 0.000762159621281
0.00749063670412 0.000762159621281
0.00746268656716 0.000762159621281
0.00743494423792 0.000762159621281
0.00740740740741 0.000762159621281
0.00735294117647 0.000762159621281
0.00732600732601 0.000762159621281
0.00729927007299 0.000762159621281
0.00727272727273 0.000761833768764
0.00724637681159 0.000761833768764
0.0072202166065 0.000761833768764
0.00719424460432 0.000761833768764
0.00716845878136 0.000761833768764
0.00714285714286 0.000761833768764
0.00711743772242 0.000761833768764
0.00709219858156 0.000761833768764
0.00706713780919 0.000761833768764
0.00704225352113 0.000761833768764
0.00699300699301 0.000761833768764
0.00694444444444 0.000761833768764
0.00692041522491 0.000761833768764
0.00689655172414 0.000761833768764
0.00684931506849 0.000761833768764
0.00682593856655 0.000761833768764
0.00680272108844 0.000761833768764
0.00675675675676 0.000761833768764
0.00671140939597 0.000761833768764
0.00666666666667 0.000761833768764
0.00662251655629 0.000761833768764
0.00657894736842 0.000761833768764
0.00655737704918 0.000761833768764
0.00653594771242 0.000761833768764
0.00649350649351 0.000761833768764
0.00645161290323 0.000761833768764
0.00641025641026 0.000761833768764
0.00636942675159 0.000761833768764
0.00632911392405 0.000761833768764
0.0062893081761 0.000761833768764
0.00625 0.000761833768764
0.00621118012422 0.000761833768764
0.00617283950617 0.000761833768764
0.00613496932515 0.000761833768764
0.00609756097561 0.000761833768764
0.00606060606061 0.000761833768764
0.00602409638554 0.000761833768764
0.0059880239521 0.000761833768764
0.00595238095238 0.000761833768764
0.00591715976331 0.000761833768764
0.00588235294118 0.000761833768764
0.00584795321637 0.000761833768764
0.00581395348837 0.000761833768764
0.00578034682081 0.000761833768764
0.00574712643678 0.000761833768764
0.00571428571429 0.000761833768764
0.00568181818182 0.000761833768764
0.00564971751412 0.000761833768764
0.00561797752809 0.000761833768764
0.00558659217877 0.000761833768764
0.00555555555556 0.000761833768764
0.00552486187845 0.000761833768764
0.00549450549451 0.000761833768764
0.00546448087432 0.000761833768764
0.0054347826087 0.000761833768764
0.00540540540541 0.000761833768764
0.00537634408602 0.000761833768764
0.00534759358289 0.000761833768764
0.00531914893617 0.000761833768764
0.00529100529101 0.000761833768764
0.00526315789474 0.000761833768764
0.00523560209424 0.000761833768764
0.00520833333333 0.000761833768764
0.00518134715026 0.000761833768764
0.00515463917526 0.000761833768764
0.00512820512821 0.000761833768764
0.00510204081633 0.000761833768764
0.00507614213198 0.000761833768764
0.00505050505051 0.000761833768764
0.00502512562814 0.000761833768764
0.005 0.000761833768764
0.00497512437811 0.000761833768764
0.0049504950495 0.000761833768764
0.00492610837438 0.000761833768764
0.00490196078431 0.000761833768764
0.00487804878049 0.000761833768764
0.00485436893204 0.000761833768764
0.0048309178744 0.000761833768764
0.00480769230769 0.000761833768764
0.00478468899522 0.000761670933936
0.0047619047619 0.000761670933936
0.00473933649289 0.000761670933936
0.00471698113208 0.000761670933936
0.00469483568075 0.000761670933936
0.00467289719626 0.000761670933936
0.0046511627907 0.000761670933936
0.00462962962963 0.000761670933936
0.00460829493088 0.000761670933936
0.0045871559633 0.000761670933936
0.00456621004566 0.000761670933936
0.00454545454545 0.000761670933936
0.00452488687783 0.000761670933936
0.0045045045045 0.000761670933936
0.00448430493274 0.000761670933936
0.00446428571429 0.000761670933936
0.00444444444444 0.000761670933936
0.00442477876106 0.000761670933936
0.00440528634361 0.000761670933936
0.00438596491228 0.000761670933936
0.00436681222707 0.000761670933936
0.00434782608696 0.000761670933936
0.004329004329 0.000761670933936
0.00431034482759 0.000761670933936
0.00429184549356 0.000761670933936
0.0042735042735 0.000761670933936
0.00425531914894 0.000761670933936
0.00423728813559 0.000761670933936
0.0042194092827 0.000761670933936
0.00420168067227 0.000761670933936
0.00418410041841 0.000761670933936
0.00416666666667 0.000761670933936
0.00414937759336 0.000761670933936
0.00413223140496 0.000761670933936
0.00411522633745 0.000761670933936
0.00409836065574 0.000761670933936
0.00408163265306 0.000761670933936
0.00406504065041 0.000761670933936
0.00404858299595 0.000761670933936
0.00403225806452 0.000761670933936
0.00401606425703 0.000761670933936
0.004 0.000761670933936
0.00398406374502 0.000761670933936
0.00396825396825 0.000761670933936
0.00395256916996 0.000761670933936
0.00393700787402 0.000761670933936
0.00392156862745 0.000761670933936
0.00390625 0.000761670933936
0.00389105058366 0.000761670933936
0.00387596899225 0.000761670933936
0.003861003861 0.000761670933936
0.00384615384615 0.000761670933936
0.00383141762452 0.000761670933936
0.00381679389313 0.000761670933936
0.00380228136882 0.000761670933936
0.00378787878788 0.000761670933936
0.00377358490566 0.000761670933936
0.00375939849624 0.000761670933936
0.00374531835206 0.000761670933936
0.00371747211896 0.000761670933936
0.0037037037037 0.000761670933936
0.00369003690037 0.000761670933936
0.00367647058824 0.000761670933936
0.003663003663 0.000761670933936
0.0036496350365 0.000761670933936
0.00363636363636 0.000761670933936
0.0036231884058 0.000761670933936
0.00361010830325 0.000761670933936
0.00354609929078 0.000761670933936
0.00350877192982 0.000761670933936
0.00343642611684 0.000761670933936
0.00337837837838 0.000761670933936
0.003367003367 0.000761670933936
0.00322580645161 0.000761670933936
0.00310559006211 0.000761670933936
0.00297619047619 0.000761670933936
0.0 0.000761670933936
