1.0 0.0
1.0 0.0
0.909090909091 0.0
0.875 0.0
0.866666666667 4.3630017452e-05
0.857142857143 4.3630017452e-05
0.833333333333 4.3630017452e-05
0.8 4.3630017452e-05
0.785714285714 0.000239965095986
0.777777777778 0.000359947643979
0.769230769231 0.000458115183246
0.764705882353 0.000458115183246
0.75 0.000608638743455
0.733333333333 0.00080497382199
0.714285714286 0.00098167539267
0.705882352941 0.00127617801047
0.7 0.00127617801047
0.692307692308 0.00127617801047
0.684210526316 0.00127617801047
0.666666666667 0.00147251308901
0.647058823529 0.00212478184991
0.642857142857 0.00212478184991
0.636363636364 0.00212478184991
0.631578947368 0.00222294938918
0.625 0.00222294938918
0.615384615385 0.00241928446771
0.611111111111 0.00256108202443
0.6 0.00260471204188
0.590909090909 0.00385034904014
0.588235294118 0.00389397905759
0.584905660377 0.00418848167539
0.583333333333 0.00418848167539
0.578947368421 0.00418848167539
0.571428571429 0.00441753926702
0.566666666667 0.00492847793568
0.565217391304 0.0050702754924
0.5625 0.0050702754924
0.555555555556 0.0050702754924
0.55 0.00533205559711
0.545454545455 0.00569200324109
0.538461538462 0.00583380079781
0.534482758621 0.00583380079781
0.533333333333 0.00583380079781
0.529411764706 0.00593196833707
0.526315789474 0.00607376589379
0.521739130435 0.00620465594615
0.52 0.00620465594615
0.510638297872 0.0062482859636
0.5 0.0062482859636
0.48275862069 0.00868050361506
0.48 0.00874594864124
0.478260869565 0.00884775201529
0.47619047619 0.00884775201529
0.475 0.00897864206765
0.473684210526 0.0090222720851
0.470588235294 0.00938549198039
0.466666666667 0.00974543962437
0.461538461538 0.0100704832544
0.458333333333 0.0102668183329
0.454545454545 0.0102668183329
0.451612903226 0.0109190870938
0.45 0.0109409021026
0.444444444444 0.0111426909333
0.441176470588 0.0123152476523
0.44 0.0124046891881
0.4375 0.0125388514917
0.435897435897 0.0128959164381
0.434782608696 0.0128959164381
0.428571428571 0.0134129321449
0.423076923077 0.0146814749024
0.421052631579 0.0146814749024
0.41935483871 0.0149283480844
0.416666666667 0.0149969095404
0.413793103448 0.0159600421757
0.411764705882 0.0159600421757
0.410256410256 0.0160840760824
0.409090909091 0.0163730989778
0.407407407407 0.0163730989778
0.40625 0.0163730989778
0.4 0.0163730989778
0.393939393939 0.0179296116551
0.392857142857 0.0180005104334
0.391304347826 0.0180005104334
0.390243902439 0.0183610860852
0.388888888889 0.0184047161027
0.387096774194 0.0184635174671
0.385714285714 0.0184635174671
0.384615384615 0.0184635174671
0.382352941176 0.0190347261813
0.380952380952 0.0190443871138
0.379310344828 0.0190880171312
0.378378378378 0.0194182987606
0.375 0.019461928778
0.37037037037 0.0206788664724
0.368421052632 0.0206788664724
0.366666666667 0.0209566111971
0.365853658537 0.0211281346998
0.363636363636 0.0214717810186
0.360946745562 0.0224039051771
0.36 0.0224039051771
0.359550561798 0.0228757206653
0.357142857143 0.0230938707526
0.354838709677 0.0233092939637
0.352941176471 0.0233092939637
0.351351351351 0.0233644264403
0.35 0.0236916515712
0.347826086957 0.0239283444159
0.347457627119 0.0239283444159
0.346153846154 0.0242118112058
0.344827586207 0.0242118112058
0.34375 0.0242118112058
0.342857142857 0.0244935604339
0.333333333333 0.0246026354775
0.329268292683 0.0273378465437
0.328767123288 0.0274469215874
0.328571428571 0.0275870410665
0.327272727273 0.0276143098274
0.326923076923 0.0277561073841
0.325581395349 0.0277561073841
0.325 0.027843367419
0.324324324324 0.027843367419
0.323529411765 0.0278488211712
0.323232323232 0.0278924511886
0.322580645161 0.0279197199496
0.321428571429 0.0280615175063
0.32 0.0280895653746
0.31914893617 0.0285084345442
0.318181818182 0.0285520645616
0.317073170732 0.028588059326
0.315789473684 0.028588059326
0.314285714286 0.0289096593374
0.3125 0.0289096593374
0.311111111111 0.0291516400032
0.310344827586 0.0291516400032
0.31007751938 0.0293043450643
0.309090909091 0.0294188738601
0.308641975309 0.0294188738601
0.307692307692 0.029539479694
0.306358381503 0.0304432491252
0.305555555556 0.0305837377814
0.30534351145 0.0305837377814
0.304347826087 0.0306927486633
0.30303030303 0.0307036561676
0.302721088435 0.0309500099447
0.302325581395 0.0312474873365
0.301204819277 0.0314328386344
0.3 0.0314764686518
0.297297297297 0.0330414998718
0.296296296296 0.0331123986501
0.294444444444 0.0331123986501
0.294117647059 0.033199658685
0.29347826087 0.0334102831049
0.292929292929 0.0335411731573
0.292682926829 0.0335524567825
0.291666666667 0.0335960867999
0.290322580645 0.0338418259478
0.289473684211 0.0339290859827
0.287878787879 0.0342923298506
0.287356321839 0.0342923298506
0.286764705882 0.0343647114463
0.285714285714 0.0345228702596
0.28384279476 0.0352348575334
0.283333333333 0.0354748226294
0.283018867925 0.0355685523115
0.282608695652 0.035612182329
0.282051282051 0.0357265051789
0.28125 0.0357854057024
0.28 0.0357735066068
0.279069767442 0.0360221977063
0.277777777778 0.0360221977063
0.277372262774 0.036539547337
0.275862068966 0.0366068176109
0.275 0.0367093481519
0.27485380117 0.0367093481519
0.272727272727 0.0369624022532
0.270833333333 0.0389427120552
0.27027027027 0.0389887035599
0.269230769231 0.0390535253001
0.268292682927 0.039202221777
0.267857142857 0.0393051678419
0.267441860465 0.039457872903
0.26724137931 0.0395674437423
0.266666666667 0.0397899568313
0.265734265734 0.040525264984
0.265306122449 0.0406395775951
0.264705882353 0.040768602816
0.263440860215 0.0408907668649
0.263157894737 0.0410791550474
0.261904761905 0.0419642009917
0.260869565217 0.0420296460178
0.259259259259 0.0424905934057
0.258064516129 0.0424663631639
0.257142857143 0.0424138123661
0.25641025641 0.0425531021755
0.255813953488 0.0424878837987
0.255474452555 0.0425965480403
0.255319148936 0.0427623421066
0.255102040816 0.0427623421066
0.254545454545 0.042848511391
0.253968253968 0.0430697779081
0.253333333333 0.0431095123883
0.25 0.0430801542029
0.246913580247 0.0420548722128
0.246376811594 0.0421754827686
0.245901639344 0.0423259277237
0.245161290323 0.0425630030444
0.245033112583 0.0425953814165
0.244897959184 0.0426152486566
0.244444444444 0.0427374127054
0.243902439024 0.0428356018776
0.243243243243 0.0428701942486
0.242424242424 0.0429415227165
0.241379310345 0.0429415227165
0.240963855422 0.0429291436253
0.24 0.0431344802596
0.239726027397 0.0431101730829
0.239436619718 0.0431101730829
0.239130434783 0.0430469122212
0.238805970149 0.0433609452544
0.23829787234 0.0434467037368
0.238095238095 0.0434928085661
0.236842105263 0.0433824689997
0.236363636364 0.0435660120473
0.235602094241 0.0436439551028
0.235294117647 0.0436439551028
0.234375 0.0441999989193
0.234042553191 0.0442292196047
0.233333333333 0.0441066488286
0.233082706767 0.0441066488286
0.232558139535 0.0440519321496
0.232142857143 0.0440708307134
0.23178807947 0.0442133910326
0.230769230769 0.0438502090052
0.22972972973 0.0445880245281
0.229166666667 0.0444905518061
0.228571428571 0.0444905518061
0.228346456693 0.0444905518061
0.228260869565 0.0444628033781
0.227272727273 0.0444851459191
0.22641509434 0.0449409415383
0.225988700565 0.0452150005944
0.225806451613 0.045247214994
0.225433526012 0.0451926697315
0.225 0.0453848801235
0.224719101124 0.0454755405962
0.224489795918 0.0456066854401
0.223880597015 0.0457134053178
0.223076923077 0.0457052636449
0.222222222222 0.0456551627868
0.221518987342 0.0450479126342
0.221238938053 0.045137763177
0.220338983051 0.0451430791501
0.22 0.0451430791501
0.219512195122 0.0452175138777
0.21875 0.0452175138777
0.218487394958 0.0452556642708
0.218181818182 0.0451084105219
0.217391304348 0.0451084105219
0.216216216216 0.0449905891546
0.215827338129 0.0450722292828
0.21568627451 0.0451024031958
0.215384615385 0.0452358688988
0.214285714286 0.0452249613945
0.213836477987 0.0457069630762
0.213483146067 0.0457086175853
0.213438735178 0.0458214323447
0.213333333333 0.0460165411208
0.212765957447 0.0460165411208
0.212328767123 0.0459053525555
0.212121212121 0.0459323452788
0.211538461538 0.0461717396481
0.211382113821 0.0461477431385
0.211267605634 0.0461142556324
0.210526315789 0.0461142556324
0.20987654321 0.0467258544364
0.209677419355 0.0467700642548
0.209302325581 0.0467398900784
0.208955223881 0.0467170815411
0.208333333333 0.0467926501539
0.207792207792 0.0468179184637
0.207207207207 0.0470435479825
0.206896551724 0.0470435479825
0.206349206349 0.0470205755055
0.206140350877 0.0469579108235
0.206060606061 0.0469579108235
0.205882352941 0.046941549567
0.205298013245 0.0468717914124
0.205128205128 0.0468811758371
0.204819277108 0.0468974726541
0.204545454545 0.0469117090722
0.204379562044 0.0470145787541
0.204081632653 0.046990963142
0.203703703704 0.0469883261629
0.203539823009 0.0470626097149
0.203389830508 0.0470626097149
0.202898550725 0.0469579547651
0.202702702703 0.0469579547651
0.20253164557 0.0469626294098
0.202380952381 0.0469998787528
0.201550387597 0.0469998787528
0.201438848921 0.0471332619506
0.201388888889 0.047229559632
0.200980392157 0.047229559632
0.2 0.0472120258187
0.198717948718 0.041770327286
0.19801980198 0.041770327286
0.197802197802 0.0417687908643
0.197674418605 0.0418843112514
0.197530864198 0.0419167881265
0.19696969697 0.0419167881265
0.196721311475 0.0419198945466
0.196428571429 0.0419589399334
0.196261682243 0.041977766604
0.196078431373 0.041977766604
0.195729537367 0.041977766604
0.19512195122 0.0421381875314
0.194444444444 0.0419476020714
0.194174757282 0.0418548569177
0.194117647059 0.0418563258314
0.19387755102 0.0418623910235
0.193548387097 0.0418715161487
0.19298245614 0.0420034187583
0.192307692308 0.042053172287
0.191919191919 0.0419828378389
0.191860465116 0.0420102516464
0.191666666667 0.0420389609009
0.191489361702 0.0420420735522
0.191304347826 0.0421289620128
0.191176470588 0.0420916129114
0.191011235955 0.0420916129114
0.190839694656 0.0421497281417
0.190476190476 0.0421856100699
0.19018404908 0.0429576296026
0.190082644628 0.042958540089
0.189873417722 0.0429509048359
0.189655172414 0.0429509048359
0.189473684211 0.0429509048359
0.189189189189 0.0429686057334
0.188888888889 0.0430185415513
0.188679245283 0.0429794396347
0.188405797101 0.0430082993004
0.188340807175 0.0429572048309
0.187969924812 0.0429504078349
0.1875 0.042959436797
0.18691588785 0.0428440468776
0.186813186813 0.0428396838759
0.186666666667 0.0428233226193
0.186440677966 0.0427736181182
0.186274509804 0.0428640512452
0.186046511628 0.0428663086498
0.185714285714 0.04299174495
0.185430463576 0.043115109948
0.185185185185 0.0431222430324
0.184615384615 0.0433528066738
0.184466019417 0.0433804172343
0.184210526316 0.043379639889
0.184 0.0435409928
0.183908045977 0.0435449572583
0.183574879227 0.0435449572583
0.183333333333 0.043570868724
0.183098591549 0.0435754356829
0.182795698925 0.0436535275367
0.182741116751 0.0436535275367
0.182608695652 0.0436222946817
0.18253968254 0.0436687966083
0.181818181818 0.0436687966083
0.180952380952 0.0429565170253
0.180722891566 0.0429565170253
0.180327868852 0.0430675789151
0.180147058824 0.0429760243009
0.18 0.0430217532311
0.179775280899 0.0430188213163
0.1796875 0.0429842934018
0.179611650485 0.0430477846334
0.179487179487 0.042720868841
0.178947368421 0.0426953873563
0.178571428571 0.0426953873563
0.178343949045 0.0422941958807
0.178082191781 0.0422963461023
0.177966101695 0.0422984981531
0.177777777778 0.0422984981531
0.177419354839 0.0423168558892
0.177215189873 0.0423168558892
0.176991150442 0.0423370625405
0.176470588235 0.042333470758
0.175824175824 0.0423726129267
0.175757575758 0.0423907826774
0.175675675676 0.042034637154
0.175572519084 0.0420497520862
0.175438596491 0.042050844879
0.175257731959 0.0421222991717
0.175 0.0421222991717
0.174757281553 0.0421630386847
0.174698795181 0.0421693024236
0.174603174603 0.0421571249107
0.174528301887 0.0421571249107
0.173913043478 0.0422001074106
0.173611111111 0.0425097864297
0.173469387755 0.042494983388
0.173333333333 0.0425280482394
0.173076923077 0.0425280482394
0.172839506173 0.0421352742605
0.172727272727 0.0421359594225
0.172413793103 0.0421359594225
0.172043010753 0.0411971683188
0.171875 0.0412034952292
0.171717171717 0.0412086034642
0.171641791045 0.0412086034642
0.171428571429 0.0412086034642
0.171052631579 0.0404267536359
0.170886075949 0.0405925477022
0.170807453416 0.0406234474936
0.170731707317 0.0406288424041
0.170454545455 0.0407581428729
0.170212765957 0.0407581428729
0.169811320755 0.040065715018
0.169642857143 0.0400667705234
0.169491525424 0.0400667705234
0.16935483871 0.039957258767
0.169117647059 0.039957258767
0.168831168831 0.0400622769845
0.16875 0.0400347022426
0.168674698795 0.0400347022426
0.168539325843 0.0400347022426
0.168224299065 0.0400360449045
0.167938931298 0.040037101639
0.167567567568 0.040037101639
0.166666666667 0.040029466386
0.165714285714 0.035051458629
0.165605095541 0.035051458629
0.165562913907 0.035051458629
0.165413533835 0.035051458629
0.165137614679 0.035051458629
0.165 0.035051458629
0.164948453608 0.0351401388018
0.164556962025 0.0351401388018
0.164383561644 0.0351418534675
0.164285714286 0.0351654704307
0.164233576642 0.035183234525
0.16393442623 0.0351817542209
0.163793103448 0.035227897785
0.163636363636 0.035227897785
0.163461538462 0.0352205991865
0.163265306122 0.0352229103982
0.162790697674 0.035171848609
0.1625 0.0351577887514
0.162337662338 0.0351586354859
0.162162162162 0.0351586354859
0.162011173184 0.0351349284969
0.161764705882 0.0351349284969
0.161616161616 0.0351563931921
0.161290322581 0.0351489552806
0.160714285714 0.0350206557576
0.160583941606 0.0349913739721
0.16049382716 0.0349913739721
0.160305343511 0.034991699444
0.16 0.034991699444
0.159663865546 0.0352363830492
0.159574468085 0.0352363830492
0.159420289855 0.0352363830492
0.159292035398 0.0352472905535
0.159090909091 0.03525860886
0.15873015873 0.0351891073066
0.158415841584 0.0352091870605
0.157894736842 0.0352091870605
0.157692307692 0.0349323611766
0.157407407407 0.0349311050695
0.157142857143 0.0349311050695
0.156862745098 0.0349258006009
0.15671641791 0.0349273608505
0.156626506024 0.0349273608505
0.15652173913 0.0349273608505
0.15625 0.0349273608505
0.155963302752 0.0348536892897
0.155555555556 0.0348572361126
0.155251141553 0.0347565259365
0.155172413793 0.034757348815
0.154929577465 0.0348288828656
0.154761904762 0.0348297061699
0.154639175258 0.0349399577949
0.154411764706 0.0349399577949
0.153846153846 0.0349399577949
0.15350877193 0.034002858383
0.153333333333 0.034002858383
0.153284671533 0.034002858383
0.15306122449 0.0340036464596
0.152866242038 0.0340052238152
0.152777777778 0.0340052238152
0.152542372881 0.0340060130941
0.152173913043 0.0340255593868
0.152073732719 0.0339167510628
0.151898734177 0.0339167510628
0.151724137931 0.033917259534
0.151515151515 0.033917259534
0.151394422311 0.033509791577
0.151260504202 0.033509791577
0.151079136691 0.0335159386545
0.150943396226 0.033298653975
0.150793650794 0.0332682333109
0.150684931507 0.0332682333109
0.150602409639 0.0332682333109
0.150579150579 0.0332682333109
0.150537634409 0.0332504097487
0.150442477876 0.0332496202285
0.15037593985 0.033250174812
0.15 0.033250174812
0.149425287356 0.0322509968699
0.149253731343 0.032385316456
0.148936170213 0.032385316456
0.148648648649 0.0324702137092
0.1484375 0.0322570172885
0.148275862069 0.0322570172885
0.148148148148 0.0322574900152
0.147727272727 0.0322881271547
0.147619047619 0.0322879609382
0.147540983607 0.0323138824635
0.147368421053 0.0320157267882
0.147239263804 0.0319396661581
0.147058823529 0.0319396661581
0.14691943128 0.031806900742
0.146666666667 0.0318421452168
0.146551724138 0.0316422519161
0.146443514644 0.0316422519161
0.146341463415 0.0316422519161
0.146245059289 0.0316757960405
0.146153846154 0.0316757960405
0.14606741573 0.0316762426714
0.145945945946 0.0316762426714
0.145833333333 0.0316783165324
0.145695364238 0.0316905182534
0.145631067961 0.0316894918775
0.145454545455 0.0316903856623
0.145161290323 0.0317061138488
0.144927536232 0.0317766872057
0.144827586207 0.0317766872057
0.144578313253 0.0317766872057
0.144444444444 0.0317954913969
0.144329896907 0.0317954913969
0.144230769231 0.0316525772057
0.144144144144 0.0316525772057
0.14406779661 0.0316557889578
0.144032921811 0.0316557889578
0.144 0.0314916125398
0.143884892086 0.0314920630059
0.142857142857 0.0314920630059
0.141843971631 0.0241255967943
0.141732283465 0.0241259313213
0.141666666667 0.0241259313213
0.141592920354 0.0241259313213
0.141176470588 0.0241259313213
0.141104294479 0.0241259313213
0.141025641026 0.024129223412
0.140845070423 0.024129223412
0.140625 0.0241316449688
0.140350877193 0.024132188768
0.140186915888 0.0241153846842
0.14 0.0241080837457
0.13986013986 0.0237325170587
0.139784946237 0.0235516069329
0.139705882353 0.0235955117986
0.139534883721 0.0236066262204
0.139344262295 0.0235503217028
0.139303482587 0.023550650966
0.139240506329 0.023550650966
0.138888888889 0.023550650966
0.138686131387 0.0236326450364
0.138613861386 0.0236326450364
0.138461538462 0.0236287217839
0.138364779874 0.0236149826232
0.138211382114 0.0236159725037
0.137931034483 0.0236159725037
0.1375 0.0237447839925
0.137404580153 0.0237453068725
0.137254901961 0.0237453068725
0.13698630137 0.0237869361081
0.136904761905 0.0237908248154
0.136842105263 0.0237049325067
0.13679245283 0.0236925327389
0.136752136752 0.0236928635412
0.13671875 0.0237202227126
0.136690647482 0.023720884658
0.136363636364 0.023720884658
0.136170212766 0.0232388501536
0.136094674556 0.0232388501536
0.135922330097 0.0232388501536
0.135802469136 0.0232251722252
0.135714285714 0.0232313039993
0.135593220339 0.0231363360415
0.135416666667 0.0230719138987
0.135135135135 0.0230874551382
0.134920634921 0.0228787882562
0.134831460674 0.0228250643248
0.134615384615 0.022891431962
0.134453781513 0.0228895947164
0.134328358209 0.0228895947164
0.134146341463 0.0228900838754
0.133928571429 0.0228951696581
0.133802816901 0.0229050632191
0.133333333333 0.0229050632191
0.133027522936 0.0220397414808
0.132947976879 0.0219818082293
0.132911392405 0.021982054386
0.1328125 0.021982054386
0.132743362832 0.021982054386
0.132530120482 0.021982054386
0.132450331126 0.021982054386
0.132352941176 0.021982054386
0.132275132275 0.0219823006122
0.132231404959 0.0219838389805
0.132075471698 0.0219838389805
0.131944444444 0.0219617520636
0.131868131868 0.0220071136731
0.131782945736 0.0219988343482
0.131736526946 0.0220000406298
0.131578947368 0.0220000406298
0.131386861314 0.0217927943535
0.131313131313 0.0217927943535
0.131147540984 0.0217927943535
0.130841121495 0.0213103085209
0.130769230769 0.0213104364826
0.130653266332 0.0213106793981
0.130434782609 0.0213106793981
0.130136986301 0.0214115645462
0.130081300813 0.0214115645462
0.13 0.021374003017
0.129943502825 0.021401491817
0.12987012987 0.021401491817
0.12972972973 0.0214167623231
0.12962962963 0.0214167623231
0.129533678756 0.0213856848843
0.129411764706 0.0213845142563
0.12925170068 0.0213847345491
0.129032258065 0.0213768972068
0.128888888889 0.0212952077554
0.128712871287 0.0212778864652
0.128630705394 0.0212778864652
0.128571428571 0.0212778864652
0.128491620112 0.0212789557634
0.128440366972 0.0212789557634
0.128342245989 0.0212836688215
0.128205128205 0.021291540435
0.128099173554 0.0211345079727
0.128 0.0211345079727
0.127906976744 0.0211347452795
0.127819548872 0.0211347452795
0.127659574468 0.0211347452795
0.127516778523 0.0210871699518
0.12734082397 0.0210871699518
0.127272727273 0.0210874569318
0.127167630058 0.0209394297029
0.127118644068 0.0209394297029
0.127071823204 0.0209394297029
0.126984126984 0.0209394297029
0.126903553299 0.0209374624652
0.12676056338 0.0209378656974
0.126582278481 0.0209380673919
0.126506024096 0.0209372333788
0.126436781609 0.02093743523
0.126315789474 0.02093743523
0.126213592233 0.02093743523
0.126126126126 0.02093743523
0.126050420168 0.02093743523
0.125984251969 0.02093743523
0.125683060109 0.0209371468291
0.125654450262 0.0209281546111
0.125 0.0209281546111
0.124378109453 0.0152018346873
0.124223602484 0.0152018346873
0.124137931034 0.0152018346873
0.124031007752 0.0152018346873
0.123966942149 0.0152018346873
0.12389380531 0.0152018346873
0.12380952381 0.0152019321476
0.123711340206 0.0152019321476
0.123595505618 0.0151997290556
0.123456790123 0.0152005091113
0.123287671233 0.0152005091113
0.123222748815 0.0151923722107
0.123188405797 0.0151923722107
0.12315270936 0.0151925668904
0.123076923077 0.0151927616113
0.122950819672 0.015095470827
0.122807017544 0.015095470827
0.122641509434 0.0150955400281
0.122448979592 0.0149209138217
0.122222222222 0.0147974990839
0.12213740458 0.0147980548264
0.122047244094 0.0147980548264
0.121951219512 0.0147987036167
0.121739130435 0.0146772631412
0.121621621622 0.0146772631412
0.121495327103 0.0146847701888
0.121212121212 0.0146847701888
0.120967741935 0.0145381704833
0.12077294686 0.0145382608365
0.120689655172 0.0145375708621
0.120481927711 0.0145382035797
0.12 0.0145384748757
0.119658119658 0.0140498255857
0.119565217391 0.0140585057174
0.119469026549 0.014064861594
0.119402985075 0.014064861594
0.119170984456 0.0140656542439
0.119047619048 0.0140656542439
0.118881118881 0.0140547057556
0.118811881188 0.0140548826173
0.11875 0.0140551479715
0.118644067797 0.0140553249154
0.118421052632 0.0139149848266
0.118367346939 0.0139150714323
0.118343195266 0.0139150714323
0.118279569892 0.0139150714323
0.118181818182 0.0139150714323
0.118055555556 0.0139151580457
0.117845117845 0.0139151580457
0.117647058824 0.0139153312956
0.11724137931 0.0132073757679
0.117117117117 0.0132068515314
0.117021276596 0.0132069364812
0.116935483871 0.0132069364812
0.116923076923 0.0132077863854
0.116883116883 0.0132077863854
0.116788321168 0.0131470140752
0.116666666667 0.0131470140752
0.116504854369 0.0131198761829
0.116279069767 0.0131199615097
0.116071428571 0.013193541576
0.115942028986 0.013193541576
0.115789473684 0.0132023909307
0.115740740741 0.013203648835
0.115702479339 0.013203648835
0.115646258503 0.013203648835
0.115384615385 0.013203648835
0.115107913669 0.0128799881572
0.115044247788 0.0128777086473
0.114942528736 0.0128501579805
0.114864864865 0.0128503248549
0.114754098361 0.0128503248549
0.114649681529 0.0128500090406
0.114583333333 0.0128500090406
0.114503816794 0.0128500924042
0.114285714286 0.0128502591521
0.113924050633 0.0128552764007
0.113636363636 0.0128480323638
0.113475177305 0.0128223382403
0.113402061856 0.0128224211277
0.11320754717 0.012822504022
0.113095238095 0.0127583879142
0.113043478261 0.0127586363652
0.112994350282 0.0127588848778
0.112903225806 0.0127588848778
0.112676056338 0.0126651780598
0.112582781457 0.0126710490621
0.112554112554 0.0126710490621
0.1125 0.0126710490621
0.112403100775 0.0126710490621
0.112359550562 0.0126712975206
0.112299465241 0.0126713803535
0.112244897959 0.0126718774918
0.11214953271 0.0126722090515
0.112068965517 0.0126727895391
0.112 0.0126727895391
0.111940298507 0.0126727895391
0.111888111888 0.0126727895391
0.11170212766 0.0126736193774
0.111627906977 0.0126742837309
0.111111111111 0.0126746160686
0.110552763819 0.0101138927267
0.110320284698 0.0101091401712
0.110294117647 0.0101093668437
0.110236220472 0.0101093668437
0.110169491525 0.0101093668437
0.11 0.0101093668437
0.10989010989 0.0101093668437
0.109848484848 0.0101095179864
0.109756097561 0.0101095935661
0.109677419355 0.0101099715478
0.109589041096 0.0101214988972
0.109523809524 0.010123506096
0.109375 0.0101237350638
0.109289617486 0.0101237350638
0.109243697479 0.0101237350638
0.109090909091 0.0101239640811
0.108910891089 0.0101234695402
0.108843537415 0.0100947720855
0.108695652174 0.0100953795507
0.108597285068 0.0100647948735
0.108571428571 0.0100575805882
0.108527131783 0.0100575805882
0.10843373494 0.0100575805882
0.108280254777 0.0100729271717
0.108108108108 0.0100729271717
0.108 0.00978575475096
0.107913669065 0.00978575475096
0.107883817427 0.00978575475096
0.107843137255 0.00980152698971
0.107692307692 0.00980160285676
0.107623318386 0.0097121002808
0.107594936709 0.00971217587728
0.10752688172 0.00971217587728
0.107476635514 0.00971217587728
0.107142857143 0.00971217587728
0.107033639144 0.00936488535516
0.106870229008 0.00936518575031
0.106796116505 0.00936518575031
0.106741573034 0.00936518575031
0.106666666667 0.0093652608618
0.106557377049 0.0093652608618
0.10650887574 0.0093652608618
0.106481481481 0.0093652608618
0.106382978723 0.0093652608618
0.106194690265 0.00935243416075
0.106060606061 0.00930033282434
0.105882352941 0.00929312251335
0.105769230769 0.00925503921269
0.105633802817 0.00925503921269
0.105485232068 0.00925503921269
0.105263157895 0.00925503921269
0.105 0.00856648003978
0.104895104895 0.00856648003978
0.104868913858 0.00856648003978
0.104838709677 0.00856648003978
0.104761904762 0.00856711701356
0.104651162791 0.00856711701356
0.104575163399 0.00856711701356
0.10447761194 0.00856711701356
0.104417670683 0.00861205813136
0.104347826087 0.00861212896723
0.104166666667 0.008612341501
0.104 0.00861337397853
0.103896103896 0.00861337397853
0.103825136612 0.00861303634823
0.103773584906 0.00861303634823
0.103703703704 0.00861310726499
0.103658536585 0.0086131781861
0.103448275862 0.0086131781861
0.103202846975 0.00836036379787
0.103174603175 0.00836036379787
0.103092783505 0.00836036379787
0.102941176471 0.00836064778576
0.102803738318 0.00833373410695
0.102739726027 0.00833423140339
0.102702702703 0.00833423140339
0.102564102564 0.00833423140339
0.102409638554 0.00824619116004
0.102362204724 0.00824619116004
0.102272727273 0.00824619116004
0.102189781022 0.00824676234529
0.102127659574 0.00824676234529
0.102040816327 0.00824676234529
0.101694915254 0.00823054944568
0.101604278075 0.00821700904553
0.1015625 0.00821700904553
0.101449275362 0.00821700904553
0.101265822785 0.00821739774434
0.10119047619 0.0082174692628
0.101123595506 0.0082174692628
0.10101010101 0.0082174692628
0.100917431193 0.0082174692628
0.100775193798 0.00821754078553
0.10071942446 0.00821818468262
0.100628930818 0.00821818468262
0.100529100529 0.00821839939199
0.100456621005 0.00821839939199
0.1 0.00821839939199
0.0995024875622 0.00581537942508
0.0994764397906 0.00581537942508
0.0994475138122 0.00581537942508
0.0994152046784 0.0058154462354
0.0993788819876 0.00581557986688
0.0993377483444 0.00581557986688
0.0992907801418 0.00581571351281
0.0992366412214 0.00581571351281
0.099173553719 0.00570717319744
0.0990990990991 0.00570744064829
0.0990566037736 0.00570744064829
0.0990099009901 0.00570770815696
0.0989010989011 0.00570770815696
0.098814229249 0.00570770815696
0.0987654320988 0.00570770815696
0.0986842105263 0.00570770815696
0.0985915492958 0.00570770815696
0.0984848484848 0.00566906462607
0.0983606557377 0.00566906462607
0.0982142857143 0.00566690949128
0.0981595092025 0.00564486903128
0.0980392156863 0.0056458721443
0.0979020979021 0.00556835835518
0.0978260869565 0.00556849235112
0.0977443609023 0.00556855935444
0.0977198697068 0.00556862636133
0.0975609756098 0.00556862636133
0.0974358974359 0.00557126620785
0.0973451327434 0.00557126620785
0.0972222222222 0.00557126620785
0.0971428571429 0.00554222748528
0.0971223021583 0.00554222748528
0.0970873786408 0.00554242882516
0.0970464135021 0.00554303303678
0.0970149253731 0.00554316734514
0.0969696969697 0.00554330166772
0.0967741935484 0.00554330166772
0.0965909090909 0.00540032714628
0.0964912280702 0.00540032714628
0.0964467005076 0.00540032714628
0.0963855421687 0.00540032714628
0.0962962962963 0.00540059566792
0.0962199312715 0.00540066280713
0.0961538461538 0.00540066280713
0.0960451977401 0.00540156073135
0.096 0.00540169509236
0.0959752321981 0.00540169509236
0.0958904109589 0.00540169509236
0.0958333333333 0.00540182946744
0.0957446808511 0.00540182946744
0.095652173913 0.00540203105643
0.0955882352941 0.00540203105643
0.0952380952381 0.00540209825979
0.0950920245399 0.00523822959967
0.0950570342205 0.00523822959967
0.0949367088608 0.00523822959967
0.0948905109489 0.00523822959967
0.0948275862069 0.00523822959967
0.0947867298578 0.00523822959967
0.0947630922693 0.00523822959967
0.0947368421053 0.00523822959967
0.094674556213 0.00523829650053
0.0945945945946 0.00523829650053
0.0944881889764 0.00523836340484
0.0944444444444 0.00523836340484
0.0944055944056 0.00523836340484
0.0943396226415 0.00523883183154
0.0942408376963 0.0052564567614
0.0941176470588 0.0052564567614
0.0940170940171 0.00525652370709
0.09375 0.00525652370709
0.0936454849498 0.00522510014239
0.0936329588015 0.00522516695214
0.0935251798561 0.00522516695214
0.0934579439252 0.00522516695214
0.0933333333333 0.00522516695214
0.0932642487047 0.00521135151791
0.0932203389831 0.00521135151791
0.0931677018634 0.00521135151791
0.093137254902 0.00521181894742
0.093023255814 0.00521181894742
0.0928571428571 0.00517515828393
0.0927835051546 0.00517549132242
0.0927152317881 0.00517549132242
0.0926829268293 0.00517549132242
0.0925925925926 0.00517549132242
0.0925266903915 0.00510100000654
0.0924369747899 0.00510100000654
0.0923913043478 0.00510100000654
0.0923076923077 0.00510100000654
0.0921985815603 0.00510153328098
0.0921658986175 0.00510153328098
0.0921052631579 0.00510193337776
0.0919540229885 0.00510193337776
0.0918918918919 0.00510220017605
0.0918367346939 0.0051030676413
0.0917431192661 0.00511012823965
0.0916666666667 0.00511039524102
0.0916030534351 0.00511046199975
0.0915032679739 0.00511046199975
0.0914634146341 0.00511046199975
0.0913461538462 0.00511046199975
0.0909090909091 0.00511059552727
0.0904522613065 0.00355273806204
0.0902777777778 0.00355273806204
0.0902255639098 0.00355273806204
0.0901639344262 0.00355293261352
0.0900900900901 0.00355299747015
0.09 0.00355306232984
0.0898876404494 0.00355319205845
0.0897959183673 0.00355319205845
0.0897435897436 0.00355319205845
0.0896860986547 0.00355364620525
0.0896551724138 0.00355356699259
0.089552238806 0.00355363166137
0.0894308943089 0.00353894331148
0.0893854748603 0.00353894331148
0.0892857142857 0.00353894331148
0.0891719745223 0.00353946099098
0.0891089108911 0.00353965517109
0.0890688259109 0.00353991412058
0.0890410958904 0.00353991412058
0.0889830508475 0.00354010836471
0.0889679715302 0.00354010836471
0.0888888888889 0.00354010836471
0.088785046729 0.00352723083376
0.0887096774194 0.00352723083376
0.0886699507389 0.00352723083376
0.0886075949367 0.00352723083376
0.0885416666667 0.00352736047339
0.0884955752212 0.00352736047339
0.0883977900552 0.00352736047339
0.0882352941176 0.00352742529777
0.0881057268722 0.00352837146707
0.0880503144654 0.00352837146707
0.088 0.00352837146707
0.0879120879121 0.00352869627166
0.0878378378378 0.0035290861373
0.0877192982456 0.00352915112553
0.0875912408759 0.00353008868576
0.0875576036866 0.00353008868576
0.0875420875421 0.00353021864012
0.0875 0.00353021864012
0.0874316939891 0.0035303486066
0.0873786407767 0.0035303486066
0.0873362445415 0.0035303486066
0.0873015873016 0.0035303486066
0.0872483221477 0.00353047858519
0.0872093023256 0.00353047858519
0.0871794871795 0.00353047858519
0.0869565217391 0.00353047858519
0.0866141732283 0.00347014739576
0.0865671641791 0.00347014739576
0.0865384615385 0.00347034280716
0.0864197530864 0.00347034280716
0.0863636363636 0.00347040795033
0.0863309352518 0.00347047309651
0.0862944162437 0.00347047309651
0.0862068965517 0.00347047309651
0.0861244019139 0.00347352883481
0.0860927152318 0.00347352883481
0.0860655737705 0.0034737243548
0.0860215053763 0.0034737243548
0.0859375 0.0034737243548
0.0858895705521 0.0034737243548
0.0858369098712 0.0034737243548
0.0857142857143 0.00347378953416
0.0855855855856 0.00342866952232
0.0855614973262 0.00342866952232
0.0854700854701 0.00342866952232
0.0853658536585 0.00342866952232
0.0852713178295 0.00342861805379
0.0851735015773 0.0034286833251
0.0851063829787 0.0034286833251
0.0849858356941 0.00342907501619
0.0849673202614 0.00342914030857
0.0849056603774 0.00342914030857
0.0848484848485 0.00342914030857
0.0847457627119 0.00342914030857
0.0846774193548 0.00341017476383
0.0846560846561 0.00341030536066
0.0846153846154 0.00341037066358
0.0845771144279 0.00341050127843
0.0845070422535 0.00341050127843
0.0844155844156 0.00341089319509
0.084388185654 0.00341089319509
0.0843373493976 0.00341089319509
0.0842696629213 0.00341102385801
0.0842105263158 0.00341102385801
0.0841584158416 0.00341102385801
0.0841121495327 0.00341102385801
0.0840707964602 0.00341108919398
0.0840336134454 0.00341108919398
0.0839694656489 0.00340369567932
0.0839416058394 0.00338471549945
0.0839160839161 0.0033847808487
0.0837696335079 0.0033847808487
0.0833333333333 0.0033847808487
0.0829493087558 0.00301918592367
0.0827586206897 0.00301918592367
0.0826446280992 0.00301918592367
0.0825688073394 0.00301925042019
0.0825242718447 0.00301957294559
0.0824742268041 0.00301957294559
0.0823970037453 0.00301957294559
0.0823529411765 0.00301957294559
0.0821917808219 0.00301996007024
0.0820512820513 0.00301996007024
0.08203125 0.00302008913462
0.0819672131148 0.00302008913462
0.0818181818182 0.00301482940248
0.0817843866171 0.00301489386932
0.0817307692308 0.00301489386932
0.0816993464052 0.003014958339
0.0816326530612 0.003014958339
0.0814814814815 0.00291846801075
0.0813953488372 0.0029185971067
0.0813559322034 0.00285366857819
0.0813008130081 0.00285366857819
0.08125 0.00285366857819
0.0812182741117 0.00285366857819
0.0810810810811 0.00285366857819
0.0809248554913 0.00283227895234
0.0808080808081 0.00283227895234
0.0806451612903 0.00283240831127
0.0805369127517 0.00283279645633
0.0804597701149 0.00283279645633
0.0803571428571 0.00283299056724
0.0802919708029 0.00283299056724
0.0802469135802 0.00283299056724
0.0801393728223 0.00283299056724
0.08 0.00283299056724
0.079754601227 0.00265685730286
0.0797101449275 0.00265685730286
0.0796812749004 0.00265692197252
0.0796460176991 0.00265692197252
0.0796178343949 0.00265692197252
0.0796019900498 0.00265692197252
0.0795454545455 0.00265692197252
0.0793650793651 0.00265692197252
0.079295154185 0.0026579570679
0.0792079207921 0.0026579570679
0.0791666666667 0.00265802178517
0.0791366906475 0.00265802178517
0.0790960451977 0.00265802178517
0.0789473684211 0.00265802178517
0.0788381742739 0.00264285891618
0.0788177339901 0.00264285891618
0.0787401574803 0.00264285891618
0.0786516853933 0.00264285891618
0.0785714285714 0.0026429885002
0.0785340314136 0.0026429885002
0.078431372549 0.0026429885002
0.0783582089552 0.00264396073716
0.078313253012 0.00264396073716
0.0782608695652 0.00264396073716
0.078125 0.00264396073716
0.0780141843972 0.00264428495605
0.0779816513761 0.00264428495605
0.0779220779221 0.00264428495605
0.077868852459 0.00264460924489
0.0778443113772 0.00264480385177
0.0777777777778 0.00264480385177
0.0776699029126 0.00264486872633
0.0776255707763 0.00264486872633
0.0775862068966 0.00260156312363
0.077519379845 0.00260162801497
0.0774647887324 0.00260162801497
0.0774193548387 0.00260162801497
0.077380952381 0.00260169290912
0.0773195876289 0.00260169290912
0.0769230769231 0.00260169290912
0.0766961651917 0.00200760669217
0.0766871165644 0.00200760669217
0.0766129032258 0.00200760669217
0.0765765765766 0.00200760669217
0.0765306122449 0.00200760669217
0.0763888888889 0.00200760669217
0.0763358778626 0.00200760669217
0.0762711864407 0.00200760669217
0.0761904761905 0.00200760669217
0.0761421319797 0.00200760669217
0.0760869565217 0.00200760669217
0.0760233918129 0.00200760669217
0.0759493670886 0.00200767075105
0.0758620689655 0.00200773481262
0.0758293838863 0.00200773481262
0.0757575757576 0.00200773481262
0.0756756756757 0.00200779887687
0.0756302521008 0.00200779887687
0.0755813953488 0.00200779887687
0.0755555555556 0.00200779887687
0.0754716981132 0.00200779887687
0.0753768844221 0.00200818331873
0.0753424657534 0.00200824740176
0.0752688172043 0.00200831148748
0.0751879699248 0.00200831148748
0.075117370892 0.00200831148748
0.075 0.00200831148748
0.0749185667752 0.00201114814714
0.0748898678414 0.00201114814714
0.0748663101604 0.00201114814714
0.0748299319728 0.00201114814714
0.0747663551402 0.00201114814714
0.0746268656716 0.00201114814714
0.0744680851064 0.00201127650879
0.0744186046512 0.00201134069364
0.0743801652893 0.00201140488116
0.0743243243243 0.00201140488116
0.0742857142857 0.00201140488116
0.0742574257426 0.00201140488116
0.07421875 0.00201140488116
0.0740740740741 0.00201140488116
0.0739644970414 0.00201664870579
0.0739130434783 0.00201664870579
0.0738255033557 0.00201664870579
0.0737704918033 0.00201664870579
0.0737179487179 0.00201671303177
0.0736842105263 0.00201671303177
0.0736196319018 0.00201677736043
0.0735930735931 0.00201677736043
0.0735294117647 0.00201677736043
0.0734463276836 0.00201684169176
0.0733944954128 0.00201684169176
0.0731707317073 0.00201684169176
0.0730337078652 0.00201955669194
0.0729927007299 0.00201955669194
0.0729613733906 0.00201955669194
0.0729166666667 0.00201955669194
0.0728476821192 0.00201955669194
0.0728155339806 0.00201955669194
0.0727272727273 0.00201955669194
0.072625698324 0.00202013656028
0.0725806451613 0.00202013656028
0.0725388601036 0.00202013656028
0.0724637681159 0.00202013656028
0.0723684210526 0.00202032989782
0.0722891566265 0.00202032989782
0.0721649484536 0.0020205232594
0.0720720720721 0.0020205232594
0.072 0.00202190326296
0.0719424460432 0.00202190326296
0.0718954248366 0.00202190326296
0.0718562874251 0.00202190326296
0.0717948717949 0.00202190326296
0.0717488789238 0.00202190326296
0.0714285714286 0.00202190326296
0.0710900473934 0.00162907123252
0.0710059171598 0.00162907123252
0.0709677419355 0.00162907123252
0.0709459459459 0.00162907123252
0.0709219858156 0.00162907123252
0.0708661417323 0.00162907123252
0.070796460177 0.00162907123252
0.0707070707071 0.00162913525281
0.070652173913 0.00162919927568
0.0705882352941 0.00162919927568
0.0705128205128 0.00160199609247
0.0704845814978 0.00160199609247
0.0704225352113 0.00160199609247
0.070351758794 0.00160206011159
0.0703125 0.00160206011159
0.0702702702703 0.00160206011159
0.0701754385965 0.00160206011159
0.070110701107 0.0016025723578
0.0700934579439 0.0016025723578
0.0700636942675 0.0016025723578
0.07 0.0016025723578
0.0699300699301 0.00160295665131
0.0698924731183 0.00160295665131
0.0698689956332 0.00160295665131
0.0697674418605 0.00160295665131
0.0696721311475 0.00160378960735
0.0696517412935 0.00160378960735
0.0696202531646 0.00160378960735
0.0695970695971 0.00160378960735
0.0695652173913 0.00160378960735
0.0695187165775 0.00160378960735
0.0694444444444 0.00160378960735
0.0694006309148 0.00160385369903
0.0693069306931 0.00160385369903
0.0692640692641 0.00160385369903
0.0692307692308 0.00160385369903
0.0691823899371 0.00160385369903
0.0691244239631 0.00160385369903
0.0689655172414 0.00160385369903
0.0688405797101 0.00160616433253
0.06875 0.00160616433253
0.0687022900763 0.00160616433253
0.068669527897 0.00160616433253
0.0686567164179 0.00160616433253
0.0686274509804 0.00160616433253
0.0685920577617 0.00160616433253
0.0685714285714 0.00160616433253
0.0684931506849 0.00160616433253
0.0684210526316 0.00160622855516
0.0683760683761 0.00160622855516
0.0683229813665 0.00160622855516
0.0682926829268 0.00160622855516
0.0681818181818 0.00160622855516
0.068085106383 0.00160725845677
0.0680628272251 0.00160725845677
0.0680272108844 0.00160725845677
0.0679611650485 0.00160725845677
0.0679245283019 0.00160725845677
0.0679012345679 0.00160725845677
0.0678733031674 0.00160725845677
0.0677966101695 0.00160725845677
0.0676691729323 0.00160745118348
0.0676328502415 0.00160745118348
0.0675675675676 0.00160745118348
0.0675105485232 0.00160745118348
0.0674846625767 0.00160745118348
0.0674157303371 0.00160745118348
0.0673758865248 0.00160745118348
0.0673575129534 0.00160745118348
0.0673076923077 0.00160745118348
0.067264573991 0.00160751543089
0.0672268907563 0.00160751543089
0.0671641791045 0.00160751543089
0.0671140939597 0.00160751543089
0.0670731707317 0.00160751543089
0.0670391061453 0.00160751543089
0.0669456066946 0.00160751543089
0.0666666666667 0.00160751543089
0.0664335664336 0.00156265235975
0.0664206642066 0.00156265235975
0.0663716814159 0.00156265235975
0.0662983425414 0.00156265235975
0.066265060241 0.00156278012324
0.0661764705882 0.00156278012324
0.0661157024793 0.00156290789689
0.0660377358491 0.00156303568068
0.0659898477157 0.00156303568068
0.0659340659341 0.00156303568068
0.0658436213992 0.00156316347463
0.0657894736842 0.00156316347463
0.0657439446367 0.00156207389943
0.0657276995305 0.00156207389943
0.0656934306569 0.00156207389943
0.0656565656566 0.00156207389943
0.0656370656371 0.00156207389943
0.0655737704918 0.00156207389943
0.0655021834061 0.00156220133303
0.0654761904762 0.00156220133303
0.065445026178 0.00156220133303
0.0654205607477 0.00156220133303
0.0653594771242 0.00156220133303
0.0653266331658 0.00156220133303
0.0652173913043 0.00156220133303
0.0650887573964 0.00156302989774
0.0650406504065 0.00156302989774
0.065 0.00156302989774
0.0649350649351 0.00156302989774
0.0648648648649 0.00156309365117
0.0648148148148 0.00156309365117
0.0647482014388 0.00156315740713
0.0647058823529 0.00156315740713
0.0646766169154 0.00156315740713
0.0646551724138 0.00156315740713
0.0645161290323 0.00156315740713
0.0644329896907 0.00156208836574
0.0643939393939 0.00156208836574
0.0643564356436 0.00156208836574
0.0643274853801 0.00156208836574
0.0642857142857 0.00156208836574
0.0642201834862 0.00156208836574
0.0641711229947 0.00156215217961
0.0641025641026 0.00156215217961
0.064039408867 0.00156215217961
0.064 0.00156215217961
0.0639534883721 0.00156234363636
0.0639269406393 0.00156234363636
0.063829787234 0.00156234363636
0.0637583892617 0.00156253511583
0.0636942675159 0.00156266278143
0.0636363636364 0.00156266278143
0.0635593220339 0.00156266278143
0.0635451505017 0.00156266278143
0.0634920634921 0.00156266278143
0.0634146341463 0.00156291814291
0.0633802816901 0.00156291814291
0.0633484162896 0.00156291814291
0.0632911392405 0.00156291814291
0.0632183908046 0.00156291814291
0.0631578947368 0.00156291814291
0.0631067961165 0.00156317354477
0.0630630630631 0.00156317354477
0.0629921259843 0.00156317354477
0.062962962963 0.00156317354477
0.0629370629371 0.00156317354477
0.0628571428571 0.00156317354477
0.0628272251309 0.00156317354477
0.0628019323671 0.00156317354477
0.0627802690583 0.00156317354477
0.0625 0.00156317354477
0.0622222222222 0.00139963983927
0.0621468926554 0.00139963983927
0.0621118012422 0.00139963983927
0.062091503268 0.00139963983927
0.0620689655172 0.00139963983927
0.0620437956204 0.00139970342832
0.062015503876 0.00139970342832
0.0619469026549 0.00139970342832
0.0619047619048 0.00139976701986
0.0618556701031 0.00139976701986
0.0618279569892 0.00139976701986
0.0617283950617 0.00139976701986
0.0616740088106 0.00139983061389
0.0616438356164 0.00139983061389
0.0616113744076 0.00139983061389
0.0615384615385 0.00139983061389
0.0614525139665 0.0014004666911
0.0614035087719 0.00140053031251
0.0613496932515 0.00140059393641
0.061320754717 0.00140059393641
0.0612244897959 0.00140059393641
0.0611510791367 0.00140116666352
0.0611111111111 0.00140123031231
0.0610687022901 0.00140123031231
0.0610328638498 0.00140123031231
0.0609756097561 0.00140123031231
0.0608695652174 0.00140135761736
0.0608365019011 0.00140135761736
0.0608108108108 0.00140135761736
0.060773480663 0.00140135761736
0.0607476635514 0.00140135761736
0.0606060606061 0.00140135761736
0.0604651162791 0.00140350342624
0.0604395604396 0.00140350342624
0.0604026845638 0.00140350342624
0.0603448275862 0.00140350342624
0.0603015075377 0.00140350342624
0.0602409638554 0.00140350342624
0.0601503759398 0.00140363073338
0.0601092896175 0.00140363073338
0.06 0.00140363073338
0.059925093633 0.0014040127144
0.0599078341014 0.0014040127144
0.059880239521 0.0014040127144
0.0598290598291 0.0014040127144
0.0598006644518 0.0014040127144
0.0597826086957 0.0014040127144
0.0597014925373 0.0014040127144
0.0596026490066 0.0014040127144
0.0595744680851 0.0014040127144
0.0595238095238 0.0014040127144
0.0594594594595 0.0014040127144
0.0594059405941 0.0014040127144
0.0593220338983 0.00140407638659
0.0592885375494 0.00140407638659
0.0592592592593 0.00140407638659
0.0592105263158 0.00140407638659
0.0591715976331 0.00140426741806
0.0591397849462 0.00140426741806
0.0590551181102 0.00140426741806
0.0588235294118 0.00140426741806
0.0585774058577 0.00133582909539
0.0585585585586 0.00133582909539
0.0585365853659 0.00133582909539
0.0585106382979 0.00133582909539
0.0584795321637 0.00133582909539
0.0584415584416 0.00133582909539
0.0583941605839 0.00133582909539
0.0583333333333 0.00133582909539
0.0582959641256 0.00133582909539
0.0582524271845 0.00133582909539
0.0582010582011 0.00133608270797
0.0581818181818 0.00133614611726
0.0581395348837 0.00133614611726
0.058064516129 0.00133614611726
0.0580357142857 0.00133614611726
0.0580204778157 0.00133614611726
0.0579710144928 0.00133614611726
0.0579150579151 0.00133614611726
0.0578947368421 0.00133614611726
0.0578512396694 0.00133620952901
0.0578034682081 0.00133620952901
0.0576923076923 0.00133620952901
0.0576131687243 0.00133659005111
0.0575916230366 0.00133665348007
0.0575539568345 0.00133665348007
0.0575221238938 0.00133665348007
0.0574712643678 0.00133665348007
0.0574162679426 0.00133665348007
0.0573770491803 0.00133665348007
0.0573248407643 0.00133665348007
0.0572916666667 0.00133665348007
0.057268722467 0.00133665348007
0.0571428571429 0.00133665348007
0.0569948186528 0.00133811302436
0.0569620253165 0.00133811302436
0.0569105691057 0.00133811302436
0.0568720379147 0.00133811302436
0.0568181818182 0.00133811302436
0.0567375886525 0.00133811302436
0.0567010309278 0.00133811302436
0.0566801619433 0.00133811302436
0.0566037735849 0.00133811302436
0.0565217391304 0.00133830349556
0.0564971751412 0.00133830349556
0.0564516129032 0.00133830349556
0.0564102564103 0.00133830349556
0.0563909774436 0.00133830349556
0.056338028169 0.00133830349556
0.0562770562771 0.00133836699088
0.05625 0.00133836699088
0.0561797752809 0.00133836699088
0.0560747663551 0.00133836699088
0.056 0.00133836699088
0.0559440559441 0.00133836699088
0.055900621118 0.00133836699088
0.0558659217877 0.00133836699088
0.0558375634518 0.00133836699088
0.0558139534884 0.00133836699088
0.0557939914163 0.00133836699088
0.0557768924303 0.00133836699088
0.0555555555556 0.00133836699088
0.0553191489362 0.00133890768822
0.0552995391705 0.00133890768822
0.0552763819095 0.00133890768822
0.0552486187845 0.00133890768822
0.0552147239264 0.00133890768822
0.0551724137931 0.00133890768822
0.0551181102362 0.00133890768822
0.0550847457627 0.0013389708951
0.0550458715596 0.0013389708951
0.055 0.0013389708951
0.0549450549451 0.0013389708951
0.0548780487805 0.00133903410442
0.0547945205479 0.00133909731616
0.0547263681592 0.00133909731616
0.0546875 0.00133909731616
0.0546448087432 0.00133909731616
0.0546218487395 0.00133909731616
0.0545454545455 0.00133909731616
0.0544554455446 0.00133941341141
0.0544217687075 0.00133941341141
0.0543933054393 0.00133941341141
0.054347826087 0.00133941341141
0.0543130990415 0.00133941341141
0.0542986425339 0.00133941341141
0.0542635658915 0.00133941341141
0.0542168674699 0.00133941341141
0.0541871921182 0.00133941341141
0.0540540540541 0.00133941341141
0.0539419087137 0.00134069028391
0.0539215686275 0.00134069028391
0.0538922155689 0.00134069028391
0.0538461538462 0.00134069028391
0.0537634408602 0.00134069028391
0.0537190082645 0.00134069028391
0.0536912751678 0.00134069028391
0.0536585365854 0.00134069028391
0.0535714285714 0.00134069028391
0.0534759358289 0.00134094278065
0.0534351145038 0.00134094278065
0.0533333333333 0.00134094278065
0.0532786885246 0.00134106904356
0.0532544378698 0.00134106904356
0.0531914893617 0.00134106904356
0.0531400966184 0.00134106904356
0.0530973451327 0.00134106904356
0.0530303030303 0.00134106904356
0.0529801324503 0.00134106904356
0.0529411764706 0.00134106904356
0.0529100529101 0.00134106904356
0.0528846153846 0.00134106904356
0.0528301886792 0.00134106904356
0.0528169014085 0.00134106904356
0.0526315789474 0.00134106904356
0.0524193548387 0.00130358175591
0.0524017467249 0.00130358175591
0.0523560209424 0.00130358175591
0.0523255813953 0.00130358175591
0.0522875816993 0.00130358175591
0.0522648083624 0.00130358175591
0.0522388059701 0.00130358175591
0.0521739130435 0.00130358175591
0.0521327014218 0.00130358175591
0.0520833333333 0.00130358175591
0.0520231213873 0.00130358175591
0.052 0.00130358175591
0.0519480519481 0.00130358175591
0.0518867924528 0.00130358175591
0.0518518518519 0.00130358175591
0.0518134715026 0.00130358175591
0.051724137931 0.00130358175591
0.0516431924883 0.00130364467141
0.0516129032258 0.00130364467141
0.0515463917526 0.00130364467141
0.0514705882353 0.00130364467141
0.0514285714286 0.00130364467141
0.0514018691589 0.00130364467141
0.0513698630137 0.00130364467141
0.0512820512821 0.00130364467141
0.0511945392491 0.00130439984486
0.0511627906977 0.00130439984486
0.0511363636364 0.00130439984486
0.0510948905109 0.00130439984486
0.0510204081633 0.00130439984486
0.0509554140127 0.00130439984486
0.0509259259259 0.00130439984486
0.0508474576271 0.00130439984486
0.0507614213198 0.00130458869231
0.0507246376812 0.00130458869231
0.0506912442396 0.00130458869231
0.0506329113924 0.00130458869231
0.0505050505051 0.00130458869231
0.0504587155963 0.0013052213531
0.0504201680672 0.0013052213531
0.0503597122302 0.0013052213531
0.0503355704698 0.0013052213531
0.0503144654088 0.0013052213531
0.0502958579882 0.0013052213531
0.0502793296089 0.0013052213531
0.0502512562814 0.0013052213531
0.0502283105023 0.0013052213531
0.0501930501931 0.0013052213531
0.0501792114695 0.0013052213531
0.0501672240803 0.0013052213531
0.0501319261214 0.0013052213531
0.05 0.0013052213531
0.0497737556561 0.00127084564981
0.0497512437811 0.00127084564981
0.0497237569061 0.00127084564981
0.0496894409938 0.00127084564981
0.0496688741722 0.00127084564981
0.0496453900709 0.00127084564981
0.0495867768595 0.00127084564981
0.0495495495495 0.00127084564981
0.049504950495 0.00127084564981
0.0494505494505 0.00127097063833
0.0494296577947 0.00127097063833
0.0493827160494 0.00127097063833
0.0492957746479 0.00127103313615
0.0492610837438 0.00127103313615
0.0492424242424 0.00127103313615
0.0491803278689 0.00127103313615
0.0491071428571 0.00127115813891
0.0490797546012 0.00127115813891
0.0490566037736 0.00127115813891
0.0490196078431 0.00127115813891
0.0489795918367 0.00127115813891
0.048951048951 0.00127115813891
0.0489130434783 0.00127115813891
0.0488888888889 0.00127115813891
0.0488599348534 0.00127115813891
0.0487804878049 0.00127115813891
0.0486725663717 0.00127197088829
0.0486486486486 0.00127197088829
0.0486111111111 0.00127197088829
0.0485829959514 0.00127197088829
0.0485436893204 0.00127197088829
0.0485074626866 0.00127197088829
0.0484848484848 0.00127197088829
0.0484581497797 0.00127197088829
0.0484429065744 0.00127197088829
0.0483870967742 0.00127197088829
0.0483271375465 0.00127209596227
0.048309178744 0.00127209596227
0.048275862069 0.00127209596227
0.0482456140351 0.00127209596227
0.0481927710843 0.00127209596227
0.0481481481481 0.00127215850282
0.048128342246 0.00127215850282
0.0480769230769 0.00127215850282
0.0480349344978 0.00127222104574
0.048 0.00127222104574
0.0479704797048 0.00127222104574
0.0479452054795 0.00127222104574
0.0479041916168 0.00127222104574
0.0478723404255 0.00127222104574
0.0478468899522 0.00127222104574
0.0478260869565 0.00127222104574
0.0478087649402 0.00127222104574
0.0477941176471 0.00127222104574
0.047619047619 0.00127222104574
0.0474683544304 0.00122763861846
0.0474452554745 0.00122763861846
0.0474308300395 0.00122763861846
0.0474137931034 0.00122763861846
0.0473933649289 0.00122763861846
0.0473684210526 0.00122763861846
0.0473372781065 0.00122763861846
0.0472972972973 0.00122763861846
0.0472440944882 0.00122770115144
0.0471698113208 0.00122770115144
0.0471204188482 0.00122770115144
0.0471014492754 0.00122770115144
0.0470588235294 0.00122770115144
0.0470085470085 0.00122770115144
0.0469798657718 0.00122770115144
0.0469483568075 0.00122770115144
0.046875 0.00122770115144
0.0468227424749 0.00122770115144
0.0468085106383 0.00122770115144
0.046783625731 0.00122770115144
0.0467625899281 0.00122770115144
0.0467289719626 0.00122770115144
0.0466666666667 0.00122770115144
0.0466321243523 0.00122770115144
0.046511627907 0.00122770115144
0.0463917525773 0.00122886866268
0.046357615894 0.00122886866268
0.0462962962963 0.00122886866268
0.0462427745665 0.00122886866268
0.046204620462 0.00122886866268
0.0461538461538 0.00122886866268
0.0460992907801 0.00122886866268
0.0460829493088 0.00122886866268
0.0460704607046 0.00122886866268
0.0460526315789 0.00122886866268
0.0459770114943 0.00122886866268
0.0459183673469 0.00122886866268
0.045871559633 0.00122886866268
0.0458015267176 0.00122886866268
0.0457516339869 0.00122886866268
0.0457142857143 0.00122886866268
0.0456852791878 0.00122886866268
0.0456621004566 0.00122886866268
0.0454545454545 0.00122886866268
0.0452961672474 0.00122935748353
0.0452488687783 0.00122935748353
0.0452261306533 0.00122935748353
0.045197740113 0.00122935748353
0.0451612903226 0.00122935748353
0.0451127819549 0.00122935748353
0.0450819672131 0.00122935748353
0.0450704225352 0.00122935748353
0.045045045045 0.00122935748353
0.045 0.00122941984666
0.0449438202247 0.00122941984666
0.0448979591837 0.00122941984666
0.0448717948718 0.00122941984666
0.0448430493274 0.00122941984666
0.0448179271709 0.00122941984666
0.044776119403 0.00122941984666
0.0447154471545 0.0012296693227
0.0446927374302 0.0012296693227
0.0446428571429 0.0012296693227
0.0445859872611 0.0012296693227
0.0445544554455 0.0012296693227
0.0445344129555 0.0012296693227
0.0444444444444 0.0012296693227
0.0443686006826 0.00123004360732
0.0443548387097 0.00123004360732
0.0443349753695 0.00123004360732
0.0443037974684 0.00123004360732
0.0442477876106 0.00123004360732
0.0442176870748 0.00123004360732
0.0441988950276 0.00123004360732
0.0441176470588 0.00123004360732
0.0440528634361 0.00123016838767
0.0440251572327 0.00123023078137
0.044 0.00123023078137
0.043956043956 0.00123023078137
0.0439024390244 0.00123023078137
0.0438596491228 0.00123023078137
0.0438247011952 0.00123023078137
0.043795620438 0.00123023078137
0.04375 0.00123023078137
0.0437158469945 0.00123023078137
0.0436893203883 0.00123023078137
0.0436681222707 0.00123023078137
0.0434782608696 0.00123023078137
0.0433070866142 0.0012134826872
0.0432692307692 0.0012134826872
0.0432432432432 0.0012134826872
0.0432098765432 0.0012134826872
0.0431654676259 0.0012134826872
0.043137254902 0.0012135449191
0.0431034482759 0.0012135449191
0.0430622009569 0.0012135449191
0.0430107526882 0.0012135449191
0.04296875 0.0012135449191
0.0429447852761 0.0012135449191
0.0429184549356 0.0012135449191
0.0428571428571 0.0012135449191
0.0427807486631 0.00121360715334
0.042735042735 0.00121360715334
0.0427046263345 0.00121360715334
0.0426829268293 0.00121360715334
0.042654028436 0.00121360715334
0.0426356589147 0.00121360715334
0.0425531914894 0.00121360715334
0.0424528301887 0.00121385611374
0.0424242424242 0.00121385611374
0.0423728813559 0.00121385611374
0.042345276873 0.00121385611374
0.042328042328 0.00121385611374
0.0422535211268 0.00121385611374
0.042194092827 0.0012139183597
0.0421686746988 0.0012139183597
0.0421052631579 0.0012139183597
0.0420560747664 0.0012139183597
0.0420168067227 0.0012139183597
0.0419847328244 0.0012139183597
0.041958041958 0.0012139183597
0.0419161676647 0.0012139183597
0.0418848167539 0.0012139183597
0.0418604651163 0.0012139183597
0.0418410041841 0.0012139183597
0.0416666666667 0.0012139183597
0.0415094339623 0.00121321085929
0.0414937759336 0.00121321085929
0.0414746543779 0.00121321085929
0.0414507772021 0.00121321085929
0.0414201183432 0.00121321085929
0.0413793103448 0.00121321085929
0.0413533834586 0.00121321085929
0.0413223140496 0.00121321085929
0.0412844036697 0.00121321085929
0.0412371134021 0.00121321085929
0.0411764705882 0.00121321085929
0.041095890411 0.00121321085929
0.0410447761194 0.00121327302273
0.0410256410256 0.00121327302273
0.0409836065574 0.00121327302273
0.0409356725146 0.00121327302273
0.0409090909091 0.00121327302273
0.0408163265306 0.00121327302273
0.0407239819005 0.00121327302273
0.0406976744186 0.00121327302273
0.0406504065041 0.00121327302273
0.0406091370558 0.00121327302273
0.0405405405405 0.00121327302273
0.0404984423676 0.00121327302273
0.0404858299595 0.00121327302273
0.0404624277457 0.00121327302273
0.040404040404 0.00121327302273
0.0403587443946 0.00121327302273
0.0403225806452 0.00121327302273
0.040293040293 0.00121327302273
0.0402684563758 0.00121327302273
0.0402298850575 0.00121327302273
0.0402010050251 0.00121327302273
0.0401785714286 0.00121327302273
0.0401459854015 0.00121327302273
0.04 0.00121327302273
0.0398406374502 0.00121313891224
0.0398230088496 0.00121313891224
0.0398009950249 0.00121313891224
0.0397727272727 0.00121313891224
0.0397350993377 0.00121313891224
0.0396825396825 0.00121313891224
0.039603960396 0.00121313891224
0.0395480225989 0.00121313891224
0.0395256916996 0.00121313891224
0.0394736842105 0.00121313891224
0.0394265232975 0.00121313891224
0.0394088669951 0.00121313891224
0.0393700787402 0.00121313891224
0.0393258426966 0.00121313891224
0.0393013100437 0.00121313891224
0.0392857142857 0.00121313891224
0.0392156862745 0.00121313891224
0.0391304347826 0.00121313891224
0.0391061452514 0.00121313891224
0.0390625 0.00121313891224
0.0390243902439 0.00121313891224
0.038961038961 0.00121313891224
0.0389105058366 0.00121313891224
0.0388888888889 0.00121313891224
0.0388692579505 0.00121313891224
0.0388349514563 0.00121313891224
0.0387931034483 0.00121313891224
0.0387596899225 0.00121313891224
0.0387096774194 0.00121313891224
0.0386740331492 0.00121313891224
0.0386473429952 0.00121313891224
0.0386266094421 0.00121313891224
0.03861003861 0.00121313891224
0.0384615384615 0.00121313891224
0.0382978723404 0.0012131977794
0.0382775119617 0.0012131977794
0.0382513661202 0.0012131977794
0.0382165605096 0.0012131977794
0.0381679389313 0.0012131977794
0.0380952380952 0.0012131977794
0.038062283737 0.0012131977794
0.0380434782609 0.0012131977794
0.0380228136882 0.0012131977794
0.0379746835443 0.0012131977794
0.0379403794038 0.0012131977794
0.0379146919431 0.0012131977794
0.0378787878788 0.0012131977794
0.0378378378378 0.0012131977794
0.0378151260504 0.0012131977794
0.0377358490566 0.0012131977794
0.0376884422111 0.00121325990912
0.0376712328767 0.00121325990912
0.0376569037657 0.00121325990912
0.0376344086022 0.00121325990912
0.0375939849624 0.00121325990912
0.037558685446 0.00121325990912
0.0375 0.00121325990912
0.0374331550802 0.00121325990912
0.0373831775701 0.00121325990912
0.0373563218391 0.00121325990912
0.0373443983402 0.00121325990912
0.0373134328358 0.00121325990912
0.0372881355932 0.00121325990912
0.0372670807453 0.00121325990912
0.0372340425532 0.00121325990912
0.0372093023256 0.00121325990912
0.0371747211896 0.00121325990912
0.0371621621622 0.00121325990912
0.037037037037 0.00121325990912
0.0369003690037 0.00121319451163
0.0368852459016 0.00121319451163
0.036866359447 0.00121319451163
0.0368421052632 0.00121319451163
0.0368098159509 0.00121319451163
0.0367647058824 0.00121319451163
0.0367454068241 0.00121319451163
0.0366972477064 0.00121319451163
0.0366492146597 0.00121319451163
0.0365853658537 0.00121319451163
0.0365448504983 0.00121319451163
0.0365296803653 0.00121319451163
0.036496350365 0.00121319451163
0.0364583333333 0.00121319451163
0.0364372469636 0.00121319451163
0.0363636363636 0.00121319451163
0.0362694300518 0.00121325663292
0.036231884058 0.00121325663292
0.0361990950226 0.00121325663292
0.0361445783133 0.00121325663292
0.0361010830325 0.00121325663292
0.0360824742268 0.00121325663292
0.0360655737705 0.00121325663292
0.036036036036 0.00121325663292
0.036 0.00121325663292
0.0359712230216 0.00121325663292
0.0359281437126 0.00121325663292
0.0358974358974 0.00121325663292
0.0358744394619 0.00121325663292
0.0358565737052 0.00121325663292
0.0357142857143 0.00121325663292
0.0356083086053 0.00121154973296
0.0355871886121 0.00121154973296
0.0355731225296 0.00121154973296
0.0355555555556 0.00121154973296
0.0355329949239 0.00121154973296
0.0355029585799 0.00121154973296
0.0354609929078 0.00121154973296
0.0354330708661 0.00121154973296
0.0353982300885 0.00121154973296
0.0353535353535 0.00121154973296
0.0352941176471 0.00121154973296
0.0352422907489 0.00121154973296
0.0352112676056 0.00121154973296
0.035175879397 0.00121154973296
0.03515625 0.00121154973296
0.0350877192982 0.00121154973296
0.0350194552529 0.00121154973296
0.035 0.00121154973296
0.034965034965 0.00121154973296
0.0349344978166 0.00121154973296
0.0348837209302 0.00121161170958
0.0348258706468 0.00121161170958
0.0347826086957 0.00121161170958
0.034749034749 0.00121161170958
0.0347222222222 0.00121161170958
0.0346820809249 0.00121161170958
0.0346534653465 0.00121161170958
0.034632034632 0.00121161170958
0.0346153846154 0.00121161170958
0.0346020761246 0.00121161170958
0.0345821325648 0.00121161170958
0.0344827586207 0.00121161170958
0.0343642611684 0.00121110702026
0.0343511450382 0.00121110702026
0.0343137254902 0.00121110702026
0.0342857142857 0.00121110702026
0.0342465753425 0.00121110702026
0.0342205323194 0.00121116895545
0.034188034188 0.00121116895545
0.0341463414634 0.00121116895545
0.0341296928328 0.00121116895545
0.0340909090909 0.00121116895545
0.0340136054422 0.00121116895545
0.0339805825243 0.00121116895545
0.0339622641509 0.00121116895545
0.0338983050847 0.00121116895545
0.0338345864662 0.00121123089296
0.0338164251208 0.00121123089296
0.0337837837838 0.00121123089296
0.0337552742616 0.00121123089296
0.0337078651685 0.00121123089296
0.03367003367 0.00121123089296
0.0336538461538 0.00121123089296
0.0336134453782 0.00121123089296
0.0335570469799 0.00121123089296
0.0335365853659 0.00121123089296
0.0335195530726 0.00121123089296
0.0334928229665 0.00121123089296
0.0334572490706 0.00121123089296
0.0333333333333 0.00121123089296
0.0332103321033 0.00111274483031
0.0331950207469 0.00111274483031
0.0331753554502 0.00111274483031
0.0331491712707 0.00111274483031
0.0331325301205 0.00111274483031
0.0331125827815 0.00111274483031
0.0330882352941 0.00111274483031
0.0330578512397 0.00111274483031
0.0330188679245 0.00111274483031
0.032967032967 0.00111274483031
0.0329218106996 0.00111274483031
0.0328947368421 0.00111274483031
0.0328638497653 0.00111274483031
0.0328467153285 0.00111274483031
0.0328358208955 0.00111274483031
0.0327868852459 0.00111274483031
0.0327272727273 0.00111274483031
0.0327102803738 0.00111274483031
0.0326797385621 0.00111274483031
0.0326086956522 0.00111274483031
0.0325581395349 0.00111274483031
0.0325203252033 0.00111274483031
0.0324675324675 0.00111274483031
0.0324324324324 0.00111274483031
0.0324074074074 0.00111274483031
0.0323741007194 0.00111274483031
0.0323624595469 0.00111274483031
0.0322580645161 0.00111274483031
0.0321285140562 0.00111230289727
0.0321100917431 0.00111230289727
0.0320855614973 0.00111230289727
0.0320512820513 0.00111230289727
0.0320284697509 0.00111230289727
0.032 0.00111230289727
0.0319634703196 0.00111230289727
0.031914893617 0.00111230289727
0.0318725099602 0.00111230289727
0.031847133758 0.00111230289727
0.0318181818182 0.00111230289727
0.031746031746 0.00111230289727
0.0316742081448 0.00111230289727
0.0316455696203 0.00111230289727
0.0316205533597 0.00111230289727
0.0315789473684 0.00111230289727
0.0315315315315 0.00111230289727
0.0314960629921 0.00111230289727
0.0314685314685 0.00111230289727
0.0314465408805 0.00111230289727
0.0314136125654 0.00111230289727
0.0313901345291 0.00111230289727
0.0313725490196 0.00111230289727
0.03125 0.00111230289727
0.0311418685121 0.00111154958025
0.0311284046693 0.00111154958025
0.0311111111111 0.00111154958025
0.0310880829016 0.00111154958025
0.0310559006211 0.00111154958025
0.031007751938 0.00111154958025
0.0309734513274 0.00111154958025
0.0309278350515 0.00111154958025
0.0308641975309 0.00111154958025
0.0308370044053 0.00111154958025
0.0308219178082 0.00111154958025
0.0307692307692 0.00111154958025
0.0307167235495 0.00111167318358
0.030701754386 0.00111167318358
0.0306748466258 0.00111167318358
0.0306513409962 0.00111167318358
0.0306406685237 0.00111167318358
0.030612244898 0.00111167318358
0.0305676855895 0.00111167318358
0.0305555555556 0.00111167318358
0.030534351145 0.00111167318358
0.030487804878 0.00111167318358
0.0304568527919 0.00111167318358
0.0304347826087 0.00111167318358
0.030303030303 0.00111167318358
0.0301886792453 0.00111173498872
0.0301724137931 0.00111173498872
0.0301507537688 0.00111173498872
0.0301204819277 0.00111173498872
0.0301003344482 0.00111173498872
0.0300751879699 0.00111173498872
0.0300429184549 0.00111173498872
0.03003003003 0.00111173498872
0.03 0.00111173498872
0.0299625468165 0.00111173498872
0.0299401197605 0.00111173498872
0.0299145299145 0.00111173498872
0.0299003322259 0.00111173498872
0.0298507462687 0.00111173498872
0.0297872340426 0.00111173498872
0.0297619047619 0.00111173498872
0.0297397769517 0.00111173498872
0.029702970297 0.00111173498872
0.0296610169492 0.00111173498872
0.0296296296296 0.00111173498872
0.0295857988166 0.00111173498872
0.0295566502463 0.00111173498872
0.0295358649789 0.00111173498872
0.029520295203 0.00111173498872
0.0294117647059 0.00111173498872
0.0293159609121 0.00111085645613
0.029304029304 0.00111085645613
0.0292887029289 0.00111085645613
0.0292682926829 0.00111085645613
0.0292397660819 0.00111085645613
0.029197080292 0.00111085645613
0.0291666666667 0.00111085645613
0.0291262135922 0.00111085645613
0.0290909090909 0.00111085645613
0.0290697674419 0.00111085645613
0.0290456431535 0.00111085645613
0.0289855072464 0.00111085645613
0.0289389067524 0.00111085645613
0.0289256198347 0.00111085645613
0.028901734104 0.00111085645613
0.0288461538462 0.00111085645613
0.0288065843621 0.00111085645613
0.0287769784173 0.00111085645613
0.0287356321839 0.00111085645613
0.0287081339713 0.00111085645613
0.0286885245902 0.00111085645613
0.0286738351254 0.00111085645613
0.0285714285714 0.00111085645613
0.0284697508897 0.00111066860274
0.0284360189573 0.00111066860274
0.0284090909091 0.00111066860274
0.0283687943262 0.00111066860274
0.0283400809717 0.00111066860274
0.0283018867925 0.00111066860274
0.0282685512367 0.00111066860274
0.0282485875706 0.00111066860274
0.0282258064516 0.00111066860274
0.0281690140845 0.00111066860274
0.0281124497992 0.00111066860274
0.0280898876404 0.00111066860274
0.0280701754386 0.00111066860274
0.0280373831776 0.00111066860274
0.028 0.00111066860274
0.027972027972 0.00111066860274
0.027950310559 0.00111066860274
0.0279329608939 0.00111066860274
0.0279069767442 0.00111066860274
0.0278884462151 0.00111066860274
0.0277777777778 0.00111066860274
0.0276816608997 0.00110973040688
0.0276497695853 0.00110973040688
0.0276243093923 0.00110973040688
0.0275862068966 0.00110973040688
0.0275590551181 0.00110973040688
0.0275229357798 0.00110973040688
0.0274914089347 0.00110973040688
0.0274725274725 0.00110973040688
0.0274509803922 0.00110973040688
0.027397260274 0.00110973040688
0.0273556231003 0.00110973040688
0.02734375 0.00110973040688
0.0273224043716 0.00110973040688
0.0272727272727 0.00110973040688
0.0272373540856 0.00110973040688
0.0272108843537 0.00110973040688
0.0271739130435 0.00110973040688
0.027149321267 0.00110973040688
0.0271317829457 0.00110973040688
0.0271084337349 0.00110973040688
0.027027027027 0.00110973040688
0.026936026936 0.00106510000921
0.0269058295964 0.00106510000921
0.0268817204301 0.00106510000921
0.0268456375839 0.00106510000921
0.0268199233716 0.00106510000921
0.0267857142857 0.00106510000921
0.0267558528428 0.00106510000921
0.0267379679144 0.00106510000921
0.0267175572519 0.00106510000921
0.026706231454 0.00106510000921
0.0266666666667 0.00106510000921
0.0265957446809 0.00106510000921
0.0265780730897 0.00106510000921
0.0265486725664 0.00106510000921
0.0265151515152 0.00106510000921
0.0264900662252 0.00106510000921
0.0264705882353 0.00106510000921
0.026455026455 0.00106510000921
0.0264317180617 0.00106510000921
0.0264150943396 0.00106510000921
0.026402640264 0.00106510000921
0.0263157894737 0.00106510000921
0.0262390670554 0.000966743064524
0.0262295081967 0.000966743064524
0.0262172284644 0.000966743064524
0.0262008733624 0.000966743064524
0.0261780104712 0.000966743064524
0.0261437908497 0.000966743064524
0.0261194029851 0.000966743064524
0.0260869565217 0.000966743064524
0.0260586319218 0.000966743064524
0.0260416666667 0.000966743064524
0.025974025974 0.000966743064524
0.0259067357513 0.000966743064524
0.0258620689655 0.000966743064524
0.0258302583026 0.000966743064524
0.0258064516129 0.000966743064524
0.025787965616 0.000966743064524
0.0257731958763 0.000966743064524
0.0257352941176 0.000966743064524
0.025641025641 0.000966743064524
0.0255319148936 0.000965124620486
0.0255102040816 0.000965124620486
0.0254777070064 0.000965124620486
0.0254545454545 0.000965124620486
0.0254237288136 0.000965124620486
0.0253807106599 0.000965124620486
0.0253623188406 0.000965124620486
0.0253521126761 0.000965124620486
0.0253164556962 0.000965124620486
0.0252707581227 0.000965124620486
0.0252525252525 0.000965124620486
0.0252365930599 0.000965124620486
0.0252293577982 0.000965124620486
0.0252100840336 0.000965124620486
0.0251572327044 0.000965124620486
0.0251256281407 0.000965124620486
0.0251046025105 0.000965124620486
0.025069637883 0.000965124620486
0.025 0.000965124620486
0.0248756218905 0.000964193776171
0.0248447204969 0.000964193776171
0.0248226950355 0.000964193776171
0.0247933884298 0.000964193776171
0.0247678018576 0.000964193776171
0.0247524752475 0.000964193776171
0.0246913580247 0.000964193776171
0.0246305418719 0.000964193776171
0.0245901639344 0.000964193776171
0.0245398773006 0.000964193776171
0.0245098039216 0.000964193776171
0.0244897959184 0.000964193776171
0.0243902439024 0.000964193776171
0.0243161094225 0.000866085520335
0.0243055555556 0.000866085520335
0.0242914979757 0.000866085520335
0.0242718446602 0.000866085520335
0.0242424242424 0.000866085520335
0.0241935483871 0.000866085520335
0.024154589372 0.000866085520335
0.0240963855422 0.000866085520335
0.0240384615385 0.000866085520335
0.024 0.000866085520335
0.0239520958084 0.000866085520335
0.0239234449761 0.000866085520335
0.0239043824701 0.000866085520335
0.0238095238095 0.000866085520335
0.0237288135593 0.000866085520335
0.0237154150198 0.000866085520335
0.0236966824645 0.000866085520335
0.0236686390533 0.000866085520335
0.0236220472441 0.000866085520335
0.0235849056604 0.000866085520335
0.0235294117647 0.000866085520335
0.0234741784038 0.000866085520335
0.0234375 0.000866085520335
0.0234113712375 0.000865960873966
0.0233918128655 0.000865960873966
0.0233644859813 0.000865960873966
0.0233463035019 0.000865960873966
0.0232558139535 0.000865960873966
0.0231958762887 0.000865960873966
0.023178807947 0.000865960873966
0.0231481481481 0.000865960873966
0.0231213872832 0.000865960873966
0.023102310231 0.000865960873966
0.0230769230769 0.000865960873966
0.0230547550432 0.000865960873966
0.0230414746544 0.000865960873966
0.0229885057471 0.000865960873966
0.0229357798165 0.000865960873966
0.0229007633588 0.000865960873966
0.0228571428571 0.000865960873966
0.0228310502283 0.000865960873966
0.0228136882129 0.000865960873966
0.0228013029316 0.000865960873966
0.0227272727273 0.000865960873966
0.0226537216828 0.000865897560455
0.022641509434 0.000865897560455
0.0226244343891 0.000865897560455
0.0225988700565 0.000865897560455
0.0225563909774 0.000865897560455
0.0225225225225 0.000865897560455
0.0224719101124 0.000865897560455
0.0224358974359 0.000865897560455
0.0224215246637 0.000865897560455
0.0224089635854 0.000865897560455
0.0223880597015 0.000865897560455
0.0223463687151 0.000865897560455
0.0223214285714 0.000865897560455
0.0223048327138 0.000865897560455
0.0222222222222 0.000865897560455
0.0221518987342 0.000865711708852
0.0221402214022 0.000865711708852
0.0221238938053 0.000865711708852
0.0220994475138 0.000865711708852
0.0220588235294 0.000865711708852
0.0220264317181 0.000865711708852
0.021978021978 0.000865711708852
0.0219435736677 0.000865711708852
0.0219298245614 0.000865711708852
0.021897810219 0.000865711708852
0.0218579234973 0.000865711708852
0.0218340611354 0.000865711708852
0.0218181818182 0.000865711708852
0.0218068535826 0.000865711708852
0.0217391304348 0.000865711708852
0.0216606498195 0.000865711708852
0.021645021645 0.000865711708852
0.0216216216216 0.000865711708852
0.0216049382716 0.000865711708852
0.0215827338129 0.000865711708852
0.0215517241379 0.000865711708852
0.0215053763441 0.000865711708852
0.0214592274678 0.000865711708852
0.0214285714286 0.000865711708852
0.0213903743316 0.000865711708852
0.0213675213675 0.000865711708852
0.0213523131673 0.000865711708852
0.0212765957447 0.000865711708852
0.0212121212121 0.000865525927642
0.021186440678 0.000865525927642
0.021164021164 0.000865525927642
0.0211267605634 0.000865525927642
0.0210970464135 0.000865525927642
0.0210526315789 0.000865525927642
0.0210084033613 0.000865525927642
0.020979020979 0.000865525927642
0.020942408377 0.000865525927642
0.0209205020921 0.000865525927642
0.0208333333333 0.000865525927642
0.0207612456747 0.000864783506
0.0207468879668 0.000864783506
0.020725388601 0.000864783506
0.0206896551724 0.000864783506
0.020618556701 0.000864783506
0.0205761316872 0.000864844708124
0.0205479452055 0.000864844708124
0.0205128205128 0.000864844708124
0.0204918032787 0.000864844708124
0.0204778156997 0.000864844708124
0.0204081632653 0.000864844708124
0.020325203252 0.000864844708124
0.0203045685279 0.000864844708124
0.0202702702703 0.000864844708124
0.0202429149798 0.000864844708124
0.020202020202 0.000864844708124
0.0201612903226 0.000864844708124
0.0201342281879 0.000864844708124
0.0201005025126 0.000864844708124
0.0200803212851 0.000864844708124
0.0200668896321 0.000864844708124
0.02 0.000864844708124
0.0199203187251 0.000864844708124
0.0199004975124 0.000864844708124
0.0198675496689 0.000864844708124
0.0198412698413 0.000864844708124
0.019801980198 0.000864844708124
0.0197628458498 0.000864844708124
0.0197368421053 0.000864844708124
0.0197044334975 0.000864844708124
0.0196850393701 0.000864844708124
0.0196629213483 0.000864844708124
0.0196078431373 0.000864844708124
0.01953125 0.000864473888599
0.019512195122 0.000864473888599
0.0194805194805 0.000864473888599
0.0194552529183 0.000864473888599
0.0194174757282 0.000864473888599
0.0193798449612 0.000864473888599
0.0193548387097 0.000864473888599
0.0193236714976 0.000864473888599
0.019305019305 0.000864473888599
0.0192307692308 0.000864473888599
0.0191570881226 0.000864473888599
0.0191387559809 0.000864473888599
0.0191082802548 0.000864473888599
0.0190839694656 0.000864473888599
0.0190476190476 0.000864473888599
0.0190114068441 0.000864473888599
0.0189873417722 0.000864473888599
0.0189573459716 0.000864473888599
0.0189393939394 0.000864473888599
0.0188679245283 0.000864473888599
0.0188087774295 0.000864535062902
0.018779342723 0.000864535062902
0.01875 0.000864535062902
0.0187265917603 0.000864535062902
0.018691588785 0.000864535062902
0.0186567164179 0.000864535062902
0.0186335403727 0.000864535062902
0.0186046511628 0.000864535062902
0.0185185185185 0.000864535062902
0.0184615384615 0.000864349743325
0.0184501845018 0.000864349743325
0.0184331797235 0.000864349743325
0.0184049079755 0.000864349743325
0.0183823529412 0.000864349743325
0.0183486238532 0.000864349743325
0.0182926829268 0.000864349743325
0.0182648401826 0.000864349743325
0.0182481751825 0.000864349743325
0.0181818181818 0.000864349743325
0.0181268882175 0.000864349743325
0.018115942029 0.000864349743325
0.0180995475113 0.000864349743325
0.0180722891566 0.000864349743325
0.0180505415162 0.000864349743325
0.018018018018 0.000864349743325
0.0179856115108 0.000864349743325
0.0179640718563 0.000864349743325
0.0179372197309 0.000864349743325
0.0179211469534 0.000864349743325
0.0178571428571 0.000864349743325
0.017793594306 0.000864349743325
0.0177777777778 0.000864349743325
0.0177514792899 0.000864349743325
0.0176991150442 0.000864349743325
0.017667844523 0.000864349743325
0.0176470588235 0.000864349743325
0.0176211453744 0.000864349743325
0.0176056338028 0.000864349743325
0.0175438596491 0.000864349743325
0.0174825174825 0.000864349743325
0.0174672489083 0.000864349743325
0.0174418604651 0.000864349743325
0.0173913043478 0.000864349743325
0.0173410404624 0.000864349743325
0.017316017316 0.000864349743325
0.0173010380623 0.000864349743325
0.0172413793103 0.000864349743325
0.0171821305842 0.000864410904873
0.0171673819742 0.000864410904873
0.0171428571429 0.000864410904873
0.0171232876712 0.000864410904873
0.017094017094 0.000864410904873
0.0170454545455 0.000864410904873
0.0170212765957 0.000864410904873
0.0170068027211 0.000864410904873
0.0169491525424 0.000864410904873
0.0168776371308 0.000864410904873
0.0168539325843 0.000864410904873
0.016835016835 0.000864410904873
0.0168067226891 0.000864410904873
0.0167597765363 0.000864410904873
0.0167364016736 0.000864410904873
0.0167224080268 0.000864410904873
0.0166666666667 0.000864410904873
0.0165975103734 0.000864225640365
0.0165745856354 0.000864225640365
0.0165562913907 0.000864225640365
0.0165289256198 0.000864225640365
0.0164835164835 0.000864225640365
0.0164609053498 0.000864225640365
0.0164473684211 0.000864225640365
0.016393442623 0.000864225640365
0.016339869281 0.000864225640365
0.0163265306122 0.000864225640365
0.0163043478261 0.000864225640365
0.0162866449511 0.000864225640365
0.0162601626016 0.000864225640365
0.0162162162162 0.000864225640365
0.0161943319838 0.000864225640365
0.0161812297735 0.000864225640365
0.0161290322581 0.000864225640365
0.0160642570281 0.000864225640365
0.0160427807487 0.000864225640365
0.0160256410256 0.000864225640365
0.016 0.000864225640365
0.0159744408946 0.000864225640365
0.0159574468085 0.000864225640365
0.0159362549801 0.000864225640365
0.015923566879 0.000864225640365
0.015873015873 0.000864225640365
0.0158102766798 0.000864225640365
0.0157894736842 0.000864225640365
0.0157480314961 0.000864225640365
0.0157068062827 0.000864225640365
0.0156862745098 0.000864225640365
0.015625 0.000864225640365
0.0155844155844 0.000864225640365
0.0155763239875 0.000864225640365
0.0155642023346 0.000864225640365
0.0155440414508 0.000864225640365
0.015503875969 0.000864225640365
0.0154639175258 0.000864225640365
0.015444015444 0.000864225640365
0.0153846153846 0.000864225640365
0.0153256704981 0.000864040445941
0.015306122449 0.000864040445941
0.0152671755725 0.000864040445941
0.015243902439 0.000864040445941
0.0152284263959 0.000864040445941
0.0152091254753 0.000864040445941
0.0151515151515 0.000864040445941
0.0151057401813 0.000863916440289
0.0150943396226 0.000863916440289
0.0150753768844 0.000863916440289
0.015037593985 0.000863916440289
0.015015015015 0.000863916440289
0.015 0.000863916440289
0.0149812734082 0.000863916440289
0.0149253731343 0.000863916440289
0.0148698884758 0.000863916440289
0.0148514851485 0.000863916440289
0.0148148148148 0.000863916440289
0.0147783251232 0.000863916440289
0.0147601476015 0.000863916440289
0.0147058823529 0.000863916440289
0.014652014652 0.000863916440289
0.0146341463415 0.000863916440289
0.014598540146 0.000863916440289
0.0145631067961 0.000863916440289
0.0145454545455 0.000863916440289
0.0144927536232 0.000863916440289
0.014440433213 0.000863731370897
0.0144230769231 0.000863731370897
0.0143884892086 0.000863731370897
0.0143540669856 0.000863731370897
0.0143369175627 0.000863731370897
0.0142857142857 0.000863731370897
0.0142348754448 0.000863361442018
0.0142180094787 0.000863361442018
0.0141843971631 0.000863361442018
0.0141509433962 0.000863361442018
0.0141342756184 0.000863361442018
0.0140845070423 0.000863361442018
0.0140186915888 0.000863361442018
0.013986013986 0.000863361442018
0.0139534883721 0.000863361442018
0.01393728223 0.000863361442018
0.0138888888889 0.000863361442018
0.0138408304498 0.00086317658246
0.0138248847926 0.00086317658246
0.0137931034483 0.00086317658246
0.0137614678899 0.00086317658246
0.013698630137 0.00086317658246
0.0136518771331 0.000862807072925
0.0136363636364 0.000862807072925
0.0136054421769 0.000862807072925
0.0135746606335 0.000862807072925
0.0135593220339 0.000862807072925
0.0135135135135 0.000862807072925
0.013468013468 0.000862807072925
0.0134529147982 0.000862807072925
0.0134228187919 0.000862807072925
0.0133928571429 0.000862807072925
0.0133333333333 0.000862807072925
0.0132743362832 0.000862807072925
0.0132450331126 0.000862807072925
0.0132158590308 0.000862807072925
0.0131578947368 0.000862807072925
0.0131147540984 0.000862807072925
0.0131004366812 0.000862807072925
0.0130718954248 0.000862807072925
0.0130434782609 0.000862807072925
0.0130293159609 0.000862807072925
0.012987012987 0.000862807072925
0.0129449838188 0.000862807072925
0.0129310344828 0.000862807072925
0.0129032258065 0.000862807072925
0.0128755364807 0.000862807072925
0.0128205128205 0.000862807072925
0.0127795527157 0.000862807072925
0.0127659574468 0.000862807072925
0.0127388535032 0.000862807072925
0.0127118644068 0.000862807072925
0.0126582278481 0.000862807072925
0.0126050420168 0.000862807072925
0.0125786163522 0.000862807072925
0.0125523012552 0.000862807072925
0.0125 0.000862807072925
0.0124481327801 0.000862807072925
0.0124223602484 0.000862807072925
0.0123966942149 0.000862807072925
0.0123456790123 0.000862807072925
0.0122950819672 0.000862807072925
0.0122699386503 0.000862807072925
0.0122448979592 0.000862807072925
0.0121951219512 0.000862807072925
0.0121457489879 0.000862807072925
0.0121212121212 0.000862807072925
0.0120967741935 0.000862807072925
0.0120481927711 0.000862807072925
0.012 0.000862807072925
0.0119760479042 0.000862807072925
0.0119521912351 0.000862807072925
0.0119402985075 0.000862807072925
0.0119047619048 0.000862807072925
0.0118577075099 0.000862807072925
0.0118343195266 0.000862807072925
0.011811023622 0.000862807072925
0.0117647058824 0.000862807072925
0.01171875 0.000862807072925
0.0116959064327 0.000862807072925
0.011673151751 0.000862807072925
0.0116279069767 0.000862807072925
0.0115942028986 0.000862807072925
0.011583011583 0.000862807072925
0.0115606936416 0.000862807072925
0.0115384615385 0.000862807072925
0.0114942528736 0.000862807072925
0.0114503816794 0.000862807072925
0.0114285714286 0.000862807072925
0.0114068441065 0.000862807072925
0.0113636363636 0.000862807072925
0.011320754717 0.000862807072925
0.0112994350282 0.000862807072925
0.0112781954887 0.000862807072925
0.0112359550562 0.000862807072925
0.0111940298507 0.000862807072925
0.0111731843575 0.000862807072925
0.0111524163569 0.000862807072925
0.0111111111111 0.000862807072925
0.0110701107011 0.000862622422877
0.0110497237569 0.000862622422877
0.0110294117647 0.000862622422877
0.010989010989 0.000862622422877
0.0109489051095 0.000862622422877
0.0109289617486 0.000862622422877
0.0109090909091 0.000862622422877
0.0108695652174 0.000862622422877
0.0108108108108 0.000862622422877
0.0107913669065 0.000862622422877
0.010752688172 0.000862622422877
0.0107142857143 0.000862622422877
0.0106951871658 0.000862622422877
0.0106382978723 0.000862622422877
0.0106007067138 0.000862622422877
0.010582010582 0.000862622422877
0.0105633802817 0.000862622422877
0.0105263157895 0.000862622422877
0.0104895104895 0.000862437842594
0.0104712041885 0.000862437842594
0.0104529616725 0.000862437842594
0.0104166666667 0.000862437842594
0.0103626943005 0.000862437842594
0.0103092783505 0.000862437842594
0.0102739726027 0.000862437842594
0.0102564102564 0.000862437842594
0.0102389078498 0.000862437842594
0.0102040816327 0.000862437842594
0.010152284264 0.000862437842594
0.0101351351351 0.000862437842594
0.010101010101 0.000862437842594
0.0100502512563 0.000862437842594
0.01 0.000862437842594
0.00995024875622 0.000862437842594
0.00993377483444 0.000862437842594
0.00990099009901 0.000862437842594
0.00985221674877 0.000862437842594
0.00983606557377 0.000862437842594
0.00980392156863 0.000862437842594
0.00977198697068 0.000862437842594
0.00975609756098 0.000862437842594
0.00974025974026 0.000862437842594
0.00970873786408 0.000862437842594
0.00966183574879 0.000862437842594
0.00961538461538 0.000862437842594
0.00958466453674 0.000862437842594
0.00956937799043 0.000862437842594
0.00952380952381 0.000862437842594
0.00949367088608 0.000862253332039
0.00947867298578 0.000862253332039
0.00946372239748 0.000862253332039
0.00943396226415 0.000862253332039
0.0093896713615 0.000862253332039
0.00934579439252 0.000862253332039
0.0093023255814 0.000862253332039
0.00925925925926 0.000862253332039
0.00921658986175 0.000862253332039
0.00917431192661 0.000862253332039
0.00913242009132 0.000862253332039
0.00909090909091 0.000862253332039
0.00906344410876 0.000862253332039
0.00904977375566 0.000862253332039
0.00900900900901 0.000862253332039
0.00896860986547 0.000862068891176
0.00892857142857 0.000862068891176
0.00888888888889 0.000862068891176
0.00884955752212 0.000862068891176
0.00881057268722 0.000862068891176
0.00877192982456 0.000862068891176
0.00873362445415 0.000861884519971
0.00869565217391 0.000861884519971
0.00865800865801 0.000861884519971
0.00862068965517 0.000861884519971
0.00858369098712 0.000861884519971
0.00854700854701 0.000861884519971
0.00851063829787 0.000861884519971
0.00847457627119 0.000861884519971
0.0084388185654 0.000861884519971
0.00840336134454 0.000861884519971
0.00836820083682 0.000861884519971
0.00833333333333 0.000861884519971
0.00829875518672 0.000861884519971
0.00826446280992 0.000861884519971
0.0082304526749 0.000861884519971
0.00819672131148 0.000861884519971
0.00816326530612 0.000861884519971
0.00813008130081 0.000861884519971
0.0080971659919 0.000861884519971
0.00806451612903 0.000861884519971
0.00803212851406 0.000861884519971
0.008 0.000861884519971
0.00796812749004 0.000861884519971
0.00793650793651 0.000861884519971
0.00790513833992 0.000861884519971
0.00787401574803 0.000861884519971
0.0078431372549 0.000861700218386
0.0078125 0.000861700218386
0.00778210116732 0.000861700218386
0.0077519379845 0.000861700218386
0.00772200772201 0.000861700218386
0.00769230769231 0.000861700218386
0.00766283524904 0.000861700218386
0.00763358778626 0.000861700218386
0.00760456273764 0.000861700218386
0.00757575757576 0.000861700218386
0.00754716981132 0.000861700218386
0.00751879699248 0.000861700218386
0.00749063670412 0.000861700218386
0.00746268656716 0.000861700218386
0.00743494423792 0.000861700218386
0.00740740740741 0.000861700218386
0.00738007380074 0.000861700218386
0.00735294117647 0.000861700218386
0.00732600732601 0.000861700218386
0.00729927007299 0.000861700218386
0.00727272727273 0.000861700218386
0.00724637681159 0.000861700218386
0.0072202166065 0.000861515986387
0.00719424460432 0.000861515986387
0.00716845878136 0.000861515986387
0.00714285714286 0.000861515986387
0.00711743772242 0.000861147730999
0.00709219858156 0.000861147730999
0.00706713780919 0.000861147730999
0.00704225352113 0.000861147730999
0.00699300699301 0.000861147730999
0.00696864111498 0.000861147730999
0.00694444444444 0.000861147730999
0.00689655172414 0.000861147730999
0.00687285223368 0.000861147730999
0.00684931506849 0.000861147730999
0.00682593856655 0.000861147730999
0.00680272108844 0.000861147730999
0.00675675675676 0.000861147730999
0.00671140939597 0.000861147730999
0.0066889632107 0.000861147730999
0.00666666666667 0.000861147730999
0.00664451827243 0.000861147730999
0.00662251655629 0.000861147730999
0.00657894736842 0.000861147730999
0.00655737704918 0.000861147730999
0.00653594771242 0.000861147730999
0.00651465798046 0.000861147730999
0.00649350649351 0.000861147730999
0.00645161290323 0.000861147730999
0.0064308681672 0.000861147730999
0.00641025641026 0.000861147730999
0.00636942675159 0.000861147730999
0.00632911392405 0.000861147730999
0.0062893081761 0.000861147730999
0.00625 0.000861147730999
0.00621118012422 0.000861147730999
0.00617283950617 0.000861147730999
0.00613496932515 0.000861147730999
0.00609756097561 0.000861147730999
0.00606060606061 0.000861147730999
0.00602409638554 0.000861147730999
0.0059880239521 0.000861147730999
0.00595238095238 0.000861147730999
0.00593471810089 0.000861147730999
0.00591715976331 0.000861147730999
0.00588235294118 0.000861147730999
0.00584795321637 0.000861147730999
0.00581395348837 0.000861147730999
0.00578034682081 0.000861147730999
0.00574712643678 0.000861147730999
0.00571428571429 0.000861147730999
0.00568181818182 0.000861147730999
0.00564971751412 0.000861147730999
0.00561797752809 0.000861147730999
0.00558659217877 0.000861147730999
0.00555555555556 0.000861147730999
0.00552486187845 0.000861147730999
0.00549450549451 0.000861147730999
0.00546448087432 0.000861147730999
0.0054347826087 0.000861147730999
0.00540540540541 0.000861147730999
0.00537634408602 0.000861147730999
0.00534759358289 0.000861147730999
0.00531914893617 0.000861147730999
0.00529100529101 0.000861147730999
0.00526315789474 0.000861147730999
0.00523560209424 0.000861147730999
0.00520833333333 0.000861147730999
0.00518134715026 0.000861147730999
0.00515463917526 0.000861147730999
0.00512820512821 0.000861147730999
0.00510204081633 0.000861147730999
0.00507614213198 0.000861147730999
0.00505050505051 0.00086096370754
0.00502512562814 0.00086096370754
0.005 0.00086096370754
0.00497512437811 0.00086096370754
0.0049504950495 0.00086096370754
0.00492610837438 0.00086096370754
0.00490196078431 0.000860779753522
0.00487804878049 0.000860779753522
0.00485436893204 0.000860779753522
0.0048309178744 0.000860779753522
0.00480769230769 0.000860779753522
0.00478468899522 0.000860779753522
0.0047619047619 0.000860779753522
0.00473933649289 0.000860779753522
0.00471698113208 0.000860779753522
0.00469483568075 0.000860779753522
0.00467289719626 0.000860779753522
0.0046511627907 0.000860779753522
0.00462962962963 0.000860779753522
0.00460829493088 0.000860779753522
0.0045871559633 0.000860779753522
0.00456621004566 0.000860779753522
0.00454545454545 0.000860779753522
0.00452488687783 0.000860779753522
0.0045045045045 0.000860779753522
0.00448430493274 0.000860779753522
0.00446428571429 0.000860779753522
0.00444444444444 0.000860779753522
0.00442477876106 0.000860779753522
0.00440528634361 0.000860779753522
0.00438596491228 0.000860779753522
0.00436681222707 0.000860779753522
0.00434782608696 0.000860779753522
0.004329004329 0.000860779753522
0.00431034482759 0.000860779753522
0.00429184549356 0.000860779753522
0.0042735042735 0.000860779753522
0.00425531914894 0.000860779753522
0.00423728813559 0.000860779753522
0.0042194092827 0.000860779753522
0.00420168067227 0.000860779753522
0.00418410041841 0.000860779753522
0.00416666666667 0.000860779753522
0.00414937759336 0.000860779753522
0.00413223140496 0.000860779753522
0.00411522633745 0.000860779753522
0.00409836065574 0.000860779753522
0.00408163265306 0.000860779753522
0.00406504065041 0.000860779753522
0.00404858299595 0.000860779753522
0.00403225806452 0.000860779753522
0.00401606425703 0.000860779753522
0.004 0.000860779753522
0.00398406374502 0.000860779753522
0.00396825396825 0.000860779753522
0.00395256916996 0.000860779753522
0.00393700787402 0.000860779753522
0.00392156862745 0.000860779753522
0.00390625 0.000860779753522
0.00389105058366 0.000860779753522
0.00387596899225 0.000860779753522
0.003861003861 0.000860779753522
0.00384615384615 0.000860779753522
0.00383141762452 0.000860779753522
0.00381679389313 0.000860779753522
0.00380228136882 0.000860779753522
0.00378787878788 0.000860779753522
0.00377358490566 0.000860779753522
0.00375939849624 0.000860779753522
0.00374531835206 0.000860779753522
0.00373134328358 0.000860779753522
0.00371747211896 0.000860779753522
0.0037037037037 0.000860779753522
0.00369003690037 0.000860779753522
0.00367647058824 0.000860779753522
0.003663003663 0.000860779753522
0.0036496350365 0.000860779753522
0.00363636363636 0.000860779753522
0.0036231884058 0.000860779753522
0.00361010830325 0.000860779753522
0.00359712230216 0.000860779753522
0.00358422939068 0.000860779753522
0.00357142857143 0.000860779753522
0.00355871886121 0.000860779753522
0.00354609929078 0.000860779753522
0.00350877192982 0.000860779753522
0.0034965034965 0.000860779753522
0.00348432055749 0.000860779753522
0.00344827586207 0.000860779753522
0.00338983050847 0.000860779753522
0.003367003367 0.000860779753522
0.00335570469799 0.000860779753522
0.00333333333333 0.000860779753522
0.00327868852459 0.000860779753522
0.00322580645161 0.000860779753522
0.00316455696203 0.000860779753522
0.0 0.000860779753522
