1.0 0.0
1.0 0.0
0.909090909091 0.0
0.875 0.0
0.866666666667 0.0
0.857142857143 0.0
0.8 0.000128397175262
0.777777777778 0.000256794350524
0.769230769231 0.000256794350524
0.75 0.000313859761752
0.714285714286 0.00111277551894
0.7 0.00151936657394
0.692307692308 0.00151936657394
0.666666666667 0.00151936657394
0.655172413793 0.00188030529995
0.636363636364 0.00193737071118
0.631578947368 0.00193737071118
0.625 0.00220843141451
0.615384615385 0.00238248091875
0.6 0.00251087809402
0.59649122807 0.00323234793596
0.596153846154 0.00323234793596
0.591836734694 0.00323234793596
0.588235294118 0.00323234793596
0.583333333333 0.00348914228649
0.578947368421 0.00380300204824
0.571428571429 0.00380300204824
0.5625 0.00488724486157
0.555555555556 0.00501564203683
0.55 0.00567189426595
0.545454545455 0.00567189426595
0.540540540541 0.00592868861647
0.538461538462 0.00592868861647
0.533333333333 0.00611415120296
0.529411764706 0.00643514414111
0.526315789474 0.00659492729255
0.52380952381 0.00665199270378
0.518518518519 0.00677427572784
0.5 0.00679139535121
0.48275862069 0.00923725963743
0.478260869565 0.00923725963743
0.47619047619 0.00923725963743
0.472222222222 0.00923725963743
0.470588235294 0.00923725963743
0.466666666667 0.0095796521048
0.461538461538 0.0102032955275
0.459459459459 0.0104329838077
0.458333333333 0.0104329838077
0.454545454545 0.0104329838077
0.45 0.0107411370283
0.444444444444 0.0107411370283
0.4375 0.011328910764
0.434782608696 0.0113574434696
0.428571428571 0.0113574434696
0.424242424242 0.0124493289719
0.421965317919 0.0124493289719
0.421052631579 0.012556326618
0.416666666667 0.0129557844966
0.411764705882 0.0133809218102
0.409090909091 0.0136805152191
0.4 0.0137261675481
0.391304347826 0.0156464001082
0.388888888889 0.0156484381586
0.387096774194 0.0157911016867
0.385416666667 0.0161762932125
0.384615384615 0.0162333586237
0.382352941176 0.0166549972841
0.380952380952 0.016898476372
0.379310344828 0.0170820707457
0.378378378378 0.0170820707457
0.375 0.0170820707457
0.372549019608 0.0175912488966
0.371428571429 0.0175912488966
0.37012987013 0.0175912488966
0.368421052632 0.0175912488966
0.367088607595 0.018150879009
0.366666666667 0.0184533256885
0.363636363636 0.018725405417
0.360655737705 0.0192732333648
0.36 0.0194301632457
0.357142857143 0.0195705321856
0.354838709677 0.0196756000972
0.353846153846 0.0196756000972
0.352941176471 0.0197326655084
0.35 0.0198613304275
0.347826086957 0.0200494424795
0.346153846154 0.0201884375169
0.344827586207 0.0203168346922
0.34375 0.0203168346922
0.342857142857 0.0203168346922
0.342105263158 0.0205409461253
0.341463414634 0.0208485384089
0.340425531915 0.0209056038201
0.338235294118 0.0209983351134
0.333333333333 0.0211124659358
0.327272727273 0.0243915127982
0.326530612245 0.0244842440915
0.325581395349 0.0246625735016
0.325 0.0247196389128
0.323529411765 0.0247196389128
0.322580645161 0.0247481716184
0.321428571429 0.0247481716184
0.32 0.0250363519451
0.31914893617 0.0250363519451
0.318965517241 0.0250363519451
0.318181818182 0.0252157003804
0.315789473684 0.0253540840026
0.314960629921 0.0257471961334
0.314285714286 0.026146654012
0.3125 0.026324983422
0.311111111111 0.0272486185999
0.310344827586 0.0273513363401
0.307692307692 0.0274654671626
0.306451612903 0.0287240682757
0.30612244898 0.0287240682757
0.305555555556 0.0288137424933
0.3046875 0.0288779410809
0.304347826087 0.029066256938
0.303278688525 0.029066256938
0.30303030303 0.0293301844649
0.302631578947 0.0294157825817
0.302325581395 0.029472847993
0.300970873786 0.0295299134042
0.3 0.0296754302028
0.296296296296 0.0317235248708
0.295454545455 0.0317235248708
0.295081967213 0.0318661883989
0.294871794872 0.032044517809
0.294117647059 0.0320614203357
0.292207792208 0.0325969921895
0.291666666667 0.032960784186
0.290322580645 0.0331216373139
0.289473684211 0.0331458901137
0.288888888889 0.0332446815055
0.287356321839 0.0332446815055
0.285714285714 0.0334158777392
0.283018867925 0.0343385045335
0.282051282051 0.0346572556162
0.28125 0.0347008228628
0.28 0.0346266378282
0.279069767442 0.0348943067227
0.278350515464 0.0350157745266
0.277777777778 0.035322501112
0.275862068966 0.0355482893048
0.275 0.0355482893048
0.274809160305 0.035945912938
0.272727272727 0.0360950472761
0.271739130435 0.0372753607146
0.270833333333 0.0373929562227
0.27027027027 0.0376527767693
0.269230769231 0.037651350134
0.267857142857 0.0378082800149
0.267175572519 0.0379142586358
0.266666666667 0.037870008476
0.265306122449 0.0385328303455
0.264705882353 0.0386546116956
0.263565891473 0.0387442210662
0.263157894737 0.0388573654638
0.261904761905 0.0389591726372
0.260869565217 0.0389914262972
0.260162601626 0.039063055105
0.25974025974 0.0392599307737
0.259259259259 0.0393997410313
0.258426966292 0.0396073203027
0.258064516129 0.0396864337137
0.257142857143 0.0396647844629
0.25641025641 0.0400168576696
0.255813953488 0.0401714098251
0.254901960784 0.0404075401167
0.251428571429 0.0405907782378
0.25 0.0408701087226
0.248226950355 0.0430351289517
0.247191011236 0.0430351289517
0.247058823529 0.0431169227078
0.245283018868 0.0433261193176
0.244897959184 0.0433568659245
0.243902439024 0.0433568659245
0.243243243243 0.0433568659245
0.242424242424 0.0436638982174
0.241758241758 0.0436461691004
0.241379310345 0.0437097562729
0.240601503759 0.0437368623433
0.24 0.0437487509706
0.238095238095 0.0438506782556
0.2375 0.0443976241583
0.237288135593 0.0445492304045
0.236842105263 0.0446342603376
0.236363636364 0.0451417348874
0.235294117647 0.045320927204
0.23417721519 0.0457206626525
0.234042553191 0.0459982996105
0.233333333333 0.045239425024
0.233183856502 0.0451545911761
0.232558139535 0.0452031878374
0.231884057971 0.0453078417255
0.230769230769 0.0450980677426
0.22972972973 0.0453517838927
0.229508196721 0.0454129254048
0.229166666667 0.0454129254048
0.228571428571 0.0454129254048
0.228346456693 0.0455084059282
0.227586206897 0.0460397715533
0.227272727273 0.0459895779322
0.22641509434 0.0463815731459
0.225988700565 0.0464003832874
0.225806451613 0.0464003832874
0.225 0.0470346368405
0.224489795918 0.0471434958568
0.223880597015 0.0475705969883
0.222222222222 0.047802934734
0.221052631579 0.0478561742707
0.220779220779 0.0480194562829
0.220689655172 0.048151373727
0.220338983051 0.0481299741978
0.219512195122 0.0481916269404
0.21875 0.0481916269404
0.218487394958 0.0483587887353
0.218181818182 0.0486621831795
0.217391304348 0.0486621831795
0.21686746988 0.0488998529498
0.216666666667 0.0485970337927
0.216216216216 0.0485650254987
0.215909090909 0.0486346876291
0.21568627451 0.0488230034862
0.215517241379 0.0489700421509
0.215384615385 0.0491493066171
0.215189873418 0.049165737864
0.214285714286 0.049165737864
0.213333333333 0.0500876305577
0.212121212121 0.0500876305577
0.211538461538 0.050316434253
0.211267605634 0.0501925571241
0.210526315789 0.0501925571241
0.208955223881 0.0506844219874
0.208860759494 0.0506067925206
0.208333333333 0.0506765024448
0.207920792079 0.050377230016
0.207729468599 0.050377230016
0.207692307692 0.050377230016
0.207547169811 0.050377230016
0.206896551724 0.0504321865583
0.206349206349 0.0509044051013
0.205882352941 0.0509044051013
0.205607476636 0.0507869076081
0.205479452055 0.0505558337144
0.205426356589 0.0505558337144
0.205128205128 0.0508873349049
0.204819277108 0.0508824370996
0.204545454545 0.0509406214405
0.204301075269 0.0509763276658
0.204081632653 0.0509549281366
0.203703703704 0.0509040341346
0.20325203252 0.0511034206921
0.203125 0.0511080381877
0.202898550725 0.0510937718349
0.202702702703 0.0511018546756
0.202380952381 0.0511018546756
0.202127659574 0.0510800796195
0.201680672269 0.0510780415691
0.2 0.0510871981293
0.198675496689 0.0455996413641
0.198581560284 0.0455996413641
0.198347107438 0.0455996413641
0.198198198198 0.0455996413641
0.19806763285 0.0455996413641
0.197674418605 0.0456186871767
0.197368421053 0.0456186871767
0.19696969697 0.0456484818247
0.196850393701 0.0456698813539
0.196428571429 0.0457245106504
0.196078431373 0.0457171161085
0.19587628866 0.0457310697089
0.195652173913 0.0457310697089
0.195488721805 0.0456766301292
0.195402298851 0.0457650815166
0.195348837209 0.0457650815166
0.19512195122 0.0457650815166
0.194690265487 0.0457491139924
0.194444444444 0.0457598147717
0.193798449612 0.0456524569766
0.193548387097 0.0458011222117
0.19298245614 0.0457989994335
0.192771084337 0.0458632877827
0.192307692308 0.0458632877827
0.192 0.0462000690204
0.191780821918 0.0462000690204
0.191489361702 0.0462656942434
0.191304347826 0.0464544346929
0.191176470588 0.0464982388411
0.190789473684 0.0466181357981
0.190476190476 0.0466243611157
0.190082644628 0.0468027730122
0.189944134078 0.0468087562259
0.189781021898 0.0468260480348
0.189655172414 0.0468320380631
0.189473684211 0.0468380349059
0.189189189189 0.0465504749055
0.188976377953 0.046673835757
0.188888888889 0.0466544742782
0.188679245283 0.0466845832661
0.188571428571 0.0467205039548
0.188405797101 0.0468121080716
0.188235294118 0.0467626872721
0.1875 0.0468248007774
0.18691588785 0.0454037210871
0.186813186813 0.045445753749
0.186666666667 0.0454588890958
0.186440677966 0.0454588890958
0.186046511628 0.0454700717233
0.185714285714 0.0452361525713
0.185185185185 0.0453759628289
0.184615384615 0.0455055537274
0.184466019417 0.0455312331624
0.184210526316 0.0455540409398
0.184 0.0455300961438
0.183908045977 0.0455300961438
0.183673469388 0.045567802038
0.183486238532 0.0457936180224
0.183333333333 0.0457886386379
0.183098591549 0.0457235260204
0.182352941176 0.0457235260204
0.181818181818 0.0457041645416
0.180952380952 0.0446824623136
0.18085106383 0.0446824623136
0.180555555556 0.0446903437252
0.18045112782 0.0447260096073
0.180327868852 0.0447260096073
0.18018018018 0.0447260096073
0.18 0.0447516119047
0.179894179894 0.0446883590735
0.179856115108 0.0446883590735
0.179775280899 0.0446883590735
0.179487179487 0.0446924039261
0.179245283019 0.0448944473591
0.179104477612 0.0448944473591
0.178571428571 0.0448985065551
0.178082191781 0.0449057071797
0.177777777778 0.0451119867769
0.177570093458 0.045116949225
0.177083333333 0.045116949225
0.176470588235 0.045116949225
0.176056338028 0.0443969487646
0.175824175824 0.0444048519219
0.175438596491 0.0444048519219
0.175257731959 0.0444048519219
0.175 0.0444394559652
0.174825174825 0.0444976153324
0.174603174603 0.0444976153324
0.174418604651 0.044597444745
0.174311926606 0.0446054576798
0.174129353234 0.0446108956778
0.173913043478 0.0446108956778
0.173333333333 0.0445744110881
0.173076923077 0.0445760331603
0.172413793103 0.044571081519
0.172131147541 0.0449902699563
0.172043010753 0.0449902699563
0.171428571429 0.0449902699563
0.171232876712 0.0447283957509
0.170731707317 0.0447434459692
0.170454545455 0.0444776885385
0.170305676856 0.0444329482218
0.170212765957 0.044694652817
0.17 0.0446673557823
0.169811320755 0.0446673557823
0.169642857143 0.0445228134965
0.169491525424 0.0445228134965
0.16935483871 0.0445383026796
0.169230769231 0.0445383026796
0.169117647059 0.0445383026796
0.169014084507 0.0445383026796
0.168831168831 0.0445383026796
0.168224299065 0.0441790189881
0.167938931298 0.0441790189881
0.167664670659 0.044205732324
0.167512690355 0.0442084467868
0.166666666667 0.0442084467868
0.165517241379 0.0382305224908
0.165217391304 0.0382301657243
0.165048543689 0.0382282975114
0.164835164835 0.0382282975114
0.164705882353 0.0380269556381
0.164556962025 0.0380320072206
0.164383561644 0.0380320072206
0.164179104478 0.0380320072206
0.163636363636 0.0380118984566
0.163461538462 0.0379974287583
0.163265306122 0.0379974287583
0.163043478261 0.0380090266616
0.162790697674 0.0380140893955
0.162601626016 0.037915221143
0.162393162393 0.0379177552977
0.162162162162 0.0379202913111
0.161943319838 0.038027378077
0.161616161616 0.0380323787538
0.161538461538 0.038057289811
0.161290322581 0.038057289811
0.16091954023 0.0380744219299
0.160714285714 0.0380744219299
0.16049382716 0.0377564343738
0.160173160173 0.0377564343738
0.16 0.037755526515
0.159574468085 0.037915254324
0.159482758621 0.037915254324
0.159420289855 0.037912817236
0.159090909091 0.0379176743003
0.158878504673 0.0378960745587
0.15873015873 0.0377072194536
0.158653846154 0.0376130661948
0.158536585366 0.0376154496356
0.158227848101 0.0376434578454
0.157894736842 0.0376434578454
0.157534246575 0.0375158839444
0.157142857143 0.0375158839444
0.156862745098 0.0375337168855
0.156626506024 0.0376053198782
0.156398104265 0.0376075848551
0.15625 0.0376075848551
0.155913978495 0.0379060303592
0.155844155844 0.0379856595326
0.155555555556 0.0379205957824
0.155405405405 0.0376499036144
0.155339805825 0.0377913741814
0.155172413793 0.0377913741814
0.15503875969 0.0378827472191
0.154929577465 0.0378827472191
0.154761904762 0.0378767689379
0.154716981132 0.0378767689379
0.154696132597 0.0378789740895
0.154471544715 0.0378789740895
0.154411764706 0.0378287922186
0.153846153846 0.0378287922186
0.153153153153 0.0373179707401
0.152941176471 0.0373179707401
0.152777777778 0.0373759609028
0.152671755725 0.037386435822
0.152542372881 0.0370682823335
0.152380952381 0.0371436572298
0.152173913043 0.0371436572298
0.152 0.0369520135975
0.151898734177 0.0369520135975
0.151515151515 0.0369306140683
0.151162790698 0.0368878693252
0.150943396226 0.0368848586934
0.150793650794 0.0368820686034
0.150684931507 0.036910397504
0.150326797386 0.036910397504
0.15 0.036910397504
0.149425287356 0.0360573909752
0.149253731343 0.0360573909752
0.148936170213 0.0357150731965
0.148717948718 0.0356840275541
0.148648648649 0.0356851304441
0.148148148148 0.0356851304441
0.147727272727 0.0339724050089
0.147540983607 0.0339670456016
0.147435897436 0.0339864125924
0.147368421053 0.0339864125924
0.147058823529 0.0339864125924
0.146788990826 0.0337310498113
0.146666666667 0.0337310498113
0.146596858639 0.0337167534773
0.146551724138 0.0337167534773
0.146341463415 0.0337167534773
0.146226415094 0.0331799749399
0.146153846154 0.0332224487673
0.14606741573 0.0330792078079
0.145833333333 0.0330802731507
0.145569620253 0.0330602123698
0.145454545455 0.0330602123698
0.145161290323 0.0330669825113
0.144927536232 0.0328062677411
0.144736842105 0.0328094636474
0.144578313253 0.032804568944
0.144444444444 0.0327006667406
0.144329896907 0.0327006667406
0.144230769231 0.0327006667406
0.144144144144 0.0327006667406
0.144104803493 0.0327006667406
0.143939393939 0.0327017290303
0.143884892086 0.0326912301033
0.143835616438 0.0326933562663
0.14367816092 0.0326933562663
0.142857142857 0.0326933562663
0.141666666667 0.0263449838077
0.141414141414 0.0263449838077
0.141176470588 0.0263383631538
0.141025641026 0.0263383631538
0.140845070423 0.0263913963188
0.140625 0.0262905552139
0.140350877193 0.0261441961649
0.140271493213 0.0261454630094
0.14 0.0261358570467
0.139784946237 0.0261534823597
0.139534883721 0.0261534823597
0.139344262295 0.0258112666258
0.139240506329 0.0258112666258
0.139130434783 0.0258112666258
0.138888888889 0.0258112666258
0.138613861386 0.0259600413046
0.138461538462 0.0259646108281
0.13829787234 0.0259641762094
0.138211382114 0.0259641762094
0.138121546961 0.0259641762094
0.138075313808 0.0259641762094
0.137931034483 0.0258624352572
0.137614678899 0.0256250846821
0.1375 0.0256352433688
0.137254901961 0.0256365124802
0.13698630137 0.0256471677884
0.136842105263 0.0256466860412
0.136752136752 0.0256484590605
0.136363636364 0.0256183462976
0.136 0.025589353553
0.135922330097 0.0251803325324
0.135802469136 0.0251803325324
0.135593220339 0.0250663988956
0.135416666667 0.024935770869
0.135371179039 0.024935770869
0.135338345865 0.0249370329939
0.135135135135 0.0250051056253
0.134969325153 0.0249526560282
0.134920634921 0.0249530636383
0.13488372093 0.0249530636383
0.134831460674 0.0249548726768
0.134615384615 0.0249548726768
0.134453781513 0.0249556719813
0.134328358209 0.0249610854382
0.134228187919 0.0249610854382
0.134199134199 0.0249637368264
0.134146341463 0.0249647627075
0.134020618557 0.0249647627075
0.133971291866 0.0249647627075
0.133928571429 0.0249456748267
0.133858267717 0.0249541049443
0.133689839572 0.0249541049443
0.133333333333 0.0249520247559
0.132978723404 0.023438349611
0.132947976879 0.0234385840864
0.1328125 0.0234385840864
0.132701421801 0.0234385840864
0.132653061224 0.0234385840864
0.132596685083 0.0234425922522
0.132530120482 0.0234425922522
0.132450331126 0.0234428267667
0.132420091324 0.0233510532803
0.132352941176 0.0233510532803
0.132075471698 0.0232716424031
0.131944444444 0.0232110183042
0.131868131868 0.0232110183042
0.131782945736 0.0232319727672
0.131578947368 0.0232319727672
0.131313131313 0.023255319339
0.131221719457 0.023255319339
0.131147540984 0.023255319339
0.131067961165 0.023240019422
0.130952380952 0.0232175126315
0.130841121495 0.0232174490319
0.130769230769 0.0232174490319
0.130681818182 0.0232174490319
0.130597014925 0.0232155436918
0.130434782609 0.023215772394
0.130281690141 0.0228949774975
0.130177514793 0.0228949774975
0.130081300813 0.0228949774975
0.13 0.0228954242698
0.12987012987 0.0228956477076
0.129770992366 0.0228963182276
0.12962962963 0.0228965418032
0.129411764706 0.0227542046203
0.129310344828 0.0227542046203
0.12925170068 0.0227544266618
0.129032258065 0.0227544266618
0.128834355828 0.0223639304266
0.128712871287 0.0223644402385
0.12865497076 0.0223646571156
0.128571428571 0.0223646571156
0.128440366972 0.0223651352277
0.128205128205 0.0223657866428
0.127906976744 0.0224336297725
0.127819548872 0.0224280240399
0.127659574468 0.0224280240399
0.127450980392 0.0223602055689
0.127272727273 0.0223602055689
0.127118644068 0.0222168261038
0.126984126984 0.0222168261038
0.126865671642 0.0222172594852
0.12676056338 0.0222176929904
0.126582278481 0.0222179097895
0.126436781609 0.0222181266195
0.126315789474 0.0222181266195
0.126213592233 0.0222183434805
0.126126126126 0.0222185603724
0.125984251969 0.022220948227
0.125925925926 0.0222211654905
0.125683060109 0.0222211654905
0.125603864734 0.0222213827849
0.125 0.0222213827849
0.124567474048 0.0171966113107
0.124352331606 0.0171966113107
0.124031007752 0.0171966113107
0.123931623932 0.0171969699296
0.12389380531 0.0171971492728
0.12380952381 0.0171973286384
0.123711340206 0.0171973286384
0.123636363636 0.0171973286384
0.123595505618 0.0172045214864
0.123456790123 0.0172045214864
0.123287671233 0.017204877195
0.123076923077 0.0171335699232
0.122905027933 0.0171335699232
0.122807017544 0.0171335699232
0.122448979592 0.0171341042184
0.122340425532 0.0171321283694
0.122222222222 0.0171326602346
0.12213740458 0.0171230284729
0.121951219512 0.0171230284729
0.121739130435 0.0168079293376
0.121621621622 0.0168079293376
0.121495327103 0.0168082849886
0.121212121212 0.016808640726
0.120967741935 0.016830870627
0.120879120879 0.016830870627
0.120689655172 0.0168346201331
0.120481927711 0.0168347989172
0.12037037037 0.0168349777229
0.120253164557 0.0168351565499
0.12 0.0168353353985
0.119791666667 0.0166729288851
0.119658119658 0.0166729288851
0.119565217391 0.0166736363817
0.119402985075 0.0166674203279
0.119318181818 0.0165943025215
0.119266055046 0.0165946510138
0.11914893617 0.0165946510138
0.119047619048 0.0165948252903
0.118918918919 0.0166104555142
0.118811881188 0.0166104555142
0.118644067797 0.0166127170676
0.118518518519 0.0166501710683
0.118421052632 0.0166491573989
0.118343195266 0.0166503747303
0.118279569892 0.0166124221012
0.118181818182 0.0166149615041
0.11811023622 0.0166335963809
0.117647058824 0.0166335963809
0.117021276596 0.0156507603857
0.116883116883 0.0155686921096
0.116666666667 0.0155693553566
0.116504854369 0.0154104865849
0.116279069767 0.0153805195359
0.116071428571 0.0153496481948
0.115942028986 0.0153499755625
0.115789473684 0.0152380578593
0.115702479339 0.0152380578593
0.115646258503 0.0152380578593
0.115577889447 0.0152380578593
0.115555555556 0.0152380578593
0.115384615385 0.0152380578593
0.115107913669 0.0147915791585
0.115044247788 0.0147915791585
0.114942528736 0.0147917396247
0.114754098361 0.014792060604
0.114678899083 0.0147946097367
0.114649681529 0.0147649898017
0.114583333333 0.0147649898017
0.114503816794 0.0147649898017
0.114457831325 0.0147649898017
0.114285714286 0.0147649898017
0.114035087719 0.0146846904844
0.113924050633 0.0146282672493
0.113821138211 0.0146284278322
0.113636363636 0.0146284278322
0.113402061856 0.0145905508378
0.113300492611 0.0145908647255
0.11320754717 0.0145908647255
0.113043478261 0.0145922250527
0.112903225806 0.0145922250527
0.112676056338 0.0145922250527
0.1125 0.0144672746843
0.112359550562 0.0144672746843
0.112244897959 0.0144322202854
0.112195121951 0.0144425587592
0.11214953271 0.0144594897622
0.112068965517 0.0144598042682
0.111940298507 0.0144598042682
0.111764705882 0.0144605907939
0.111650485437 0.0144607481437
0.111587982833 0.0144380793439
0.111111111111 0.0144380793439
0.110619469027 0.0106240346455
0.110552763819 0.0106240888865
0.110429447853 0.0106240888865
0.110294117647 0.0106240888865
0.110236220472 0.0106240888865
0.110169491525 0.010624227055
0.11013215859 0.010624227055
0.110091743119 0.010624227055
0.11 0.010624365235
0.10989010989 0.0106245034265
0.109826589595 0.0106245034265
0.109756097561 0.0106246416297
0.109589041096 0.0106249180705
0.109452736318 0.0106253328184
0.109375 0.0106256093747
0.109243697479 0.0106256093747
0.109195402299 0.0106260242958
0.109170305677 0.0106260242958
0.109090909091 0.0106272696827
0.108974358974 0.0106252045117
0.108910891089 0.0106252045117
0.108870967742 0.0106271348815
0.108843537415 0.0106289976711
0.108695652174 0.0106289976711
0.108527131783 0.0105881886934
0.10843373494 0.0105881886934
0.108333333333 0.0105883259726
0.10824742268 0.0105883259726
0.108108108108 0.0105883259726
0.107913669065 0.0105020297723
0.107843137255 0.0105023037511
0.107692307692 0.0105023037511
0.107594936709 0.0105023037511
0.10752688172 0.0105024407573
0.107438016529 0.0105030485552
0.107382550336 0.0105030485552
0.107344632768 0.010503733301
0.107142857143 0.010505103625
0.106796116505 0.0101758886193
0.106741573034 0.0101758886193
0.106666666667 0.0101758886193
0.106557377049 0.0101779482224
0.10650887574 0.0102358347018
0.106382978723 0.0102361084786
0.106194690265 0.0102453017893
0.106145251397 0.0102453017893
0.106060606061 0.0102453017893
0.105882352941 0.0102525045174
0.10582010582 0.0101221277645
0.105769230769 0.0101221277645
0.105726872247 0.0100920218464
0.105691056911 0.0100920218464
0.105590062112 0.0100920218464
0.105555555556 0.0100921584057
0.105263157895 0.0100922949759
0.104838709677 0.00946289609315
0.10480349345 0.00946289609315
0.104761904762 0.0094630308588
0.104712041885 0.00946316563478
0.104651162791 0.00946316563478
0.10447761194 0.00940677425834
0.104347826087 0.00940690909628
0.104166666667 0.00940758344088
0.103896103896 0.00940511102864
0.103773584906 0.00940490393642
0.103703703704 0.00940490393642
0.103658536585 0.00940517352972
0.103448275862 0.00940517352972
0.10332103321 0.00907912985432
0.103225806452 0.00907912985432
0.103174603175 0.00907912985432
0.103092783505 0.00907926447833
0.10303030303 0.00907953375684
0.102941176471 0.00907953375684
0.102857142857 0.00907980307603
0.102803738318 0.00907980307603
0.102739726027 0.00907980307603
0.102564102564 0.00907980307603
0.102459016393 0.0090848331262
0.102409638554 0.0090848331262
0.102362204724 0.0090848331262
0.102272727273 0.0090848331262
0.102222222222 0.0090848331262
0.102189781022 0.0090848331262
0.102127659574 0.00908632004064
0.102040816327 0.00908632004064
0.101851851852 0.00904627024548
0.101796407186 0.00904627024548
0.101694915254 0.00904627024548
0.101604278075 0.00904800302512
0.1015625 0.00901300404038
0.101449275362 0.00901353773562
0.101265822785 0.00901487266372
0.10119047619 0.00901513976762
0.101123595506 0.00901513976762
0.10101010101 0.00901513976762
0.10094637224 0.00899677032509
0.100840336134 0.00899706826981
0.100775193798 0.00899720199426
0.10067114094 0.00899720199426
0.100628930818 0.00899720199426
0.100591715976 0.00899733572856
0.100558659218 0.00899746947272
0.100502512563 0.00899746947272
0.1 0.00899746947272
0.0994764397906 0.00628484454131
0.0993377483444 0.00628484454131
0.0992907801418 0.00628484454131
0.0992366412214 0.00628484454131
0.099173553719 0.00628484454131
0.0990990990991 0.00628509267011
0.0990566037736 0.00628509267011
0.0990099009901 0.00628509267011
0.0989583333333 0.00628509267011
0.0989010989011 0.00628509267011
0.0988372093023 0.00628509267011
0.0987654320988 0.00628509267011
0.0986842105263 0.00628521674696
0.0986547085202 0.00628521674696
0.0985915492958 0.00628521674696
0.0984848484848 0.00634240624334
0.0983606557377 0.00634240624334
0.0982658959538 0.00634240624334
0.0982142857143 0.00634240624334
0.0981308411215 0.00634240624334
0.0980392156863 0.00634240624334
0.0979020979021 0.006343523383
0.0978260869565 0.006343523383
0.0977443609023 0.00634364755111
0.0975609756098 0.0063446411947
0.0973451327434 0.0063058201221
0.0973154362416 0.0063058201221
0.0972222222222 0.00630631800234
0.0971428571429 0.00630781243921
0.0970873786408 0.00630781243921
0.0970149253731 0.00630781243921
0.0969696969697 0.00630793702952
0.0969162995595 0.00630793702952
0.0967741935484 0.00630793702952
0.0966183574879 0.00630013315404
0.0964912280702 0.00630013315404
0.0963855421687 0.00630025768383
0.0962962962963 0.00630050676817
0.0961538461538 0.00630050676817
0.096 0.00609964214234
0.0958904109589 0.00609964214234
0.0957446808511 0.00610014025662
0.0956937799043 0.00610014025662
0.095652173913 0.00610014025662
0.0955882352941 0.00610014025662
0.0952380952381 0.00610038936317
0.0950819672131 0.00598221098043
0.0950704225352 0.00598221098043
0.0950226244344 0.00598221098043
0.095 0.00598221098043
0.0948905109489 0.00598221098043
0.0948275862069 0.00598258291649
0.0947368421053 0.00598270691124
0.094674556213 0.00598270691124
0.0945945945946 0.00598270691124
0.0944881889764 0.00598283091403
0.0943396226415 0.00598283091403
0.0941704035874 0.00595814379043
0.0941176470588 0.00595814379043
0.0940170940171 0.00595814379043
0.09375 0.00595814379043
0.0936170212766 0.00584580620926
0.0935251798561 0.00584580620926
0.0934579439252 0.00584617903117
0.0934065934066 0.00584630332116
0.0933333333333 0.00584630332116
0.0932642487047 0.00584754666175
0.0932203389831 0.00584779542602
0.093137254902 0.00584779542602
0.0931174089069 0.00584779542602
0.093023255814 0.00584779542602
0.0928961748634 0.00578535156074
0.0927835051546 0.00578547598904
0.0927152317881 0.00578547598904
0.0926829268293 0.00578547598904
0.0925925925926 0.00578547598904
0.0924369747899 0.00578647170237
0.0923076923077 0.00578647170237
0.0921985815603 0.00575280625715
0.0921052631579 0.00575280625715
0.0920245398773 0.00575280625715
0.092 0.00575280625715
0.0919540229885 0.00575380189335
0.0918918918919 0.00574279619574
0.0918367346939 0.00574279619574
0.0917431192661 0.00574279619574
0.0916666666667 0.00574279619574
0.0916030534351 0.00574304386386
0.0915492957746 0.00574304386386
0.0914634146341 0.00574304386386
0.0913461538462 0.00574316770974
0.0913043478261 0.00574316770974
0.0911764705882 0.00565831283363
0.0909090909091 0.00565831283363
0.0904977375566 0.00386795713919
0.0904255319149 0.00386795713919
0.090395480226 0.00386795713919
0.0902777777778 0.00386795713919
0.0901639344262 0.00386807732726
0.0900900900901 0.00386807732726
0.09 0.00386831772495
0.0898876404494 0.00386879860651
0.0898203592814 0.00386903909038
0.0897435897436 0.00386903909038
0.089552238806 0.00386927960297
0.0894308943089 0.00386952014429
0.0892857142857 0.00386952014429
0.0889830508475 0.00386988101013
0.0888888888889 0.00386988101013
0.0887573964497 0.00385951492023
0.0887096774194 0.00385951492023
0.0886524822695 0.00385975570782
0.0886075949367 0.00385975570782
0.0885416666667 0.00386011694295
0.0884955752212 0.003860237369
0.0884353741497 0.003860237369
0.0883720930233 0.003860237369
0.0882352941176 0.003860237369
0.0880829015544 0.00397925065852
0.088 0.00397925065852
0.087962962963 0.00397925065852
0.0879120879121 0.00397925065852
0.0878378378378 0.00398216423464
0.0878048780488 0.00398228490317
0.0877192982456 0.00398228490317
0.0875912408759 0.00398361272848
0.0875576036866 0.00398361272848
0.0875 0.00398361272848
0.0874316939891 0.00398361272848
0.0873786407767 0.00398361272848
0.0873015873016 0.00398373348273
0.0872483221477 0.00398373348273
0.0869565217391 0.00398373348273
0.0867052023121 0.0037698304279
0.0866666666667 0.0037698304279
0.0866141732283 0.00377007180641
0.0865384615385 0.00377007180641
0.0864197530864 0.00377031321311
0.0863309352518 0.00377043392704
0.0862944162437 0.00377043392704
0.0862068965517 0.00377043392704
0.0860927152318 0.0037715206697
0.0860215053763 0.0037715206697
0.0859375 0.0037715206697
0.0858895705521 0.00377176224563
0.0857142857143 0.00377176224563
0.0854700854701 0.00375225408165
0.0853658536585 0.00375225408165
0.0852713178295 0.00375225408165
0.085201793722 0.00375225408165
0.0851063829787 0.00375249635598
0.085 0.00369785625436
0.0849673202614 0.00369785625436
0.0849056603774 0.00369797751851
0.0847457627119 0.00369797751851
0.0846153846154 0.00369882656481
0.0845771144279 0.00369882656481
0.0845070422535 0.00369882656481
0.0844155844156 0.00369894788532
0.0843373493976 0.00369894788532
0.0842105263158 0.00369894788532
0.0841121495327 0.00369894788532
0.0840707964602 0.00369894788532
0.0840336134454 0.00369894788532
0.0839694656489 0.00369979732615
0.0839160839161 0.00369979732615
0.0838709677419 0.00369979732615
0.0837988826816 0.00369979732615
0.0837696335079 0.00369991870302
0.0833333333333 0.00369991870302
0.0829493087558 0.0024674299955
0.0829268292683 0.00246754877003
0.0827067669173 0.00246754877003
0.0826771653543 0.00246754877003
0.0825688073394 0.00246754877003
0.0825242718447 0.00246790513334
0.0824742268041 0.00246790513334
0.0824175824176 0.00246790513334
0.0823529411765 0.00246790513334
0.0822784810127 0.00246814274198
0.0822510822511 0.00246814274198
0.0821917808219 0.00246814274198
0.0820895522388 0.00246885572686
0.0820512820513 0.00246885572686
0.0819672131148 0.00246885572686
0.0818181818182 0.00252627771993
0.0817610062893 0.00252627771993
0.0817120622568 0.00252627771993
0.0816326530612 0.00252627771993
0.0814814814815 0.00252817251005
0.0813953488372 0.00252817251005
0.0813559322034 0.0025281685193
0.0813008130081 0.0025281685193
0.08125 0.00252840634388
0.0812182741117 0.00252840634388
0.0811965811966 0.00252840634388
0.0811688311688 0.00252840634388
0.0810810810811 0.00252911997636
0.0808823529412 0.00252721848964
0.0808080808081 0.00252721848964
0.0807692307692 0.00252721848964
0.0807453416149 0.00252721848964
0.0806451612903 0.00252721848964
0.0805687203791 0.00252733745621
0.0805369127517 0.00252733745621
0.0804597701149 0.00252733745621
0.0804020100503 0.00252733745621
0.0803571428571 0.00247086697687
0.0802919708029 0.00247086697687
0.0802139037433 0.00247122401525
0.08 0.00247122401525
0.079754601227 0.00233192907175
0.0797101449275 0.00233192907175
0.0796460176991 0.00233192907175
0.0795454545455 0.00233204806852
0.0794701986755 0.00233204806852
0.0793650793651 0.00233012939214
0.0792682926829 0.00233048443575
0.0792079207921 0.00233048443575
0.0791366906475 0.00233048443575
0.0790960451977 0.00233048443575
0.0790697674419 0.00233048443575
0.0790513833992 0.00233048443575
0.0789473684211 0.00233048443575
0.0788177339901 0.00233320838065
0.0787878787879 0.00233320838065
0.0787401574803 0.00233320838065
0.0787037037037 0.00233320838065
0.0786516853933 0.00233320838065
0.0785714285714 0.00233320838065
0.078431372549 0.00233320838065
0.0783410138249 0.00233367618612
0.078313253012 0.00233367618612
0.0782608695652 0.00233367618612
0.078125 0.00233379469909
0.0780487804878 0.00233426881595
0.0780141843972 0.00233426881595
0.0779220779221 0.00233426881595
0.0778443113772 0.00233498018621
0.0777777777778 0.00233498018621
0.0777202072539 0.00233498018621
0.0776699029126 0.00233498018621
0.0775862068966 0.00233498018621
0.077519379845 0.00233498018621
0.0774647887324 0.00233498018621
0.0774193548387 0.00233498018621
0.077380952381 0.00233509877067
0.0773480662983 0.00233509877067
0.0773195876289 0.00233509877067
0.0772946859903 0.00233509877067
0.0772357723577 0.00233509877067
0.0771929824561 0.00233509877067
0.0769230769231 0.00233509877067
0.0765957446809 0.0020798311554
0.0765550239234 0.0020798311554
0.0765306122449 0.0020798311554
0.0765027322404 0.0020799495384
0.0764705882353 0.0020799495384
0.0764331210191 0.0020799495384
0.0763888888889 0.0020799495384
0.0763358778626 0.0020799495384
0.0762711864407 0.0020800679277
0.0761904761905 0.0020800679277
0.0761421319797 0.0020800679277
0.0760869565217 0.0020800679277
0.0760456273764 0.0020800679277
0.076 0.0020800679277
0.0759493670886 0.0020800679277
0.0758620689655 0.0020800679277
0.0758293838863 0.0020800679277
0.0757575757576 0.0020800679277
0.0756756756757 0.00208065996867
0.0756302521008 0.00208065996867
0.0755813953488 0.00208065996867
0.0755555555556 0.00208065996867
0.0755287009063 0.00208065996867
0.0754716981132 0.00208065996867
0.0753768844221 0.00208113371481
0.0753424657534 0.00208113371481
0.0752688172043 0.00208148909055
0.0751879699248 0.00208148909055
0.0751445086705 0.00208148909055
0.0750988142292 0.00208148909055
0.075 0.0020817260392
0.0747663551402 0.00208350395716
0.0747126436782 0.00208374111996
0.0746887966805 0.00208374111996
0.0746268656716 0.00208374111996
0.0745341614907 0.00208469002311
0.0744680851064 0.00208469002311
0.0744186046512 0.00208480866435
0.0743801652893 0.00208480866435
0.0743243243243 0.00208480866435
0.0742857142857 0.00208480866435
0.0740740740741 0.00208480866435
0.0739299610895 0.00208972531348
0.0739130434783 0.00208972531348
0.0738636363636 0.00208972531348
0.0738255033557 0.00208972531348
0.0737704918033 0.00208972531348
0.073732718894 0.00208972531348
0.0736842105263 0.00208972531348
0.0735785953177 0.00208972531348
0.0735294117647 0.00208972531348
0.0734463276836 0.00208996290842
0.0733944954128 0.00208996290842
0.0733333333333 0.00208996290842
0.0732984293194 0.00208996290842
0.0731707317073 0.00208996290842
0.0730593607306 0.00209052792757
0.0730337078652 0.00209052792757
0.0729927007299 0.0020908843202
0.0729166666667 0.0020908843202
0.0728476821192 0.0020908843202
0.0728155339806 0.0020908843202
0.0727272727273 0.0020908843202
0.072625698324 0.00209135959833
0.0725806451613 0.00209135959833
0.0725388601036 0.00209135959833
0.0724637681159 0.00209135959833
0.0723684210526 0.00209147843356
0.0722891566265 0.00209147843356
0.0721649484536 0.00209183497696
0.0721153846154 0.00209195383732
0.0720720720721 0.00209195383732
0.072 0.00209195383732
0.0719696969697 0.00209195383732
0.0719424460432 0.00209195383732
0.0718954248366 0.00209207270397
0.0718562874251 0.00209207270397
0.0718232044199 0.00209207270397
0.0717703349282 0.0020923104561
0.0717488789238 0.0020923104561
0.0717299578059 0.0020923104561
0.0716981132075 0.00209242934159
0.0714285714286 0.00209242934159
0.071186440678 0.00203146523192
0.0711111111111 0.00203146523192
0.0710900473934 0.00203146523192
0.0710659898477 0.00203146523192
0.0710382513661 0.00203146523192
0.0710059171598 0.00203146523192
0.0709677419355 0.00203146523192
0.0708661417323 0.00203146523192
0.070796460177 0.00203146523192
0.0707070707071 0.00203146523192
0.070652173913 0.0020315837189
0.0705882352941 0.0020315837189
0.0705394190871 0.0020315837189
0.0705128205128 0.0020315837189
0.0704225352113 0.0020315837189
0.0703125 0.00203182071133
0.0702702702703 0.00203182071133
0.0701754385965 0.00203182071133
0.0700636942675 0.00203334364815
0.07 0.00203334364815
0.0699588477366 0.00203334364815
0.0699300699301 0.00203334364815
0.0698924731183 0.00203334364815
0.0697674418605 0.00203334364815
0.0696517412935 0.00203571605841
0.0696202531646 0.00203571605841
0.0695652173913 0.00203571605841
0.0694444444444 0.00203571605841
0.0693641618497 0.00203571605841
0.0693069306931 0.00203571605841
0.0691823899371 0.00203583474354
0.0690909090909 0.00203583474354
0.0689655172414 0.00203583474354
0.0688073394495 0.00204074677371
0.0687022900763 0.00204074677371
0.0686274509804 0.00204074677371
0.0684931506849 0.00204074677371
0.0683760683761 0.00204086562925
0.0683229813665 0.00204110335877
0.0682926829268 0.00204110335877
0.0681818181818 0.00204110335877
0.0680628272251 0.00204057103736
0.0680272108844 0.00204057103736
0.0679611650485 0.00204057103736
0.0677966101695 0.00204068968152
0.0676691729323 0.00204080833181
0.0676328502415 0.00204092698822
0.0675675675676 0.00204092698822
0.0675105485232 0.00204128299418
0.0674846625767 0.00204128299418
0.0674157303371 0.00204128299418
0.0673575129534 0.00204128299418
0.0673076923077 0.00204128299418
0.0672268907563 0.00204128299418
0.0671641791045 0.00204128299418
0.0671140939597 0.00204128299418
0.0670926517572 0.00204128299418
0.0670731707317 0.00204128299418
0.0670391061453 0.00204128299418
0.0670103092784 0.00204140167508
0.066985645933 0.00204140167508
0.0669642857143 0.00204140167508
0.0666666666667 0.00204140167508
0.0663716814159 0.00191030086652
0.0663507109005 0.00191030086652
0.0663265306122 0.00191041944583
0.0662983425414 0.00191041944583
0.066265060241 0.00191041944583
0.0662251655629 0.00191041944583
0.0661764705882 0.00191041944583
0.0661157024793 0.00191041944583
0.0660377358491 0.00191041944583
0.0659340659341 0.00191053803119
0.0658682634731 0.00191053803119
0.0657894736842 0.00191053803119
0.0656934306569 0.00191053803119
0.0656565656566 0.00191053803119
0.0655737704918 0.00191053803119
0.0654761904762 0.00191053803119
0.0654205607477 0.00191053803119
0.0653594771242 0.00191053803119
0.0652173913043 0.00191053803119
0.0651162790698 0.00191189577443
0.0650406504065 0.00191189577443
0.065 0.00191213203635
0.0649350649351 0.00191213203635
0.0648648648649 0.00191213203635
0.0648148148148 0.00191213203635
0.0647482014388 0.00191213203635
0.0646766169154 0.00191213203635
0.0646551724138 0.00191213203635
0.0645161290323 0.00191213203635
0.0643939393939 0.00191693521607
0.0643776824034 0.00191693521607
0.0643274853801 0.00191693521607
0.0642857142857 0.00191693521607
0.0642201834862 0.00191693521607
0.0641711229947 0.00191693521607
0.0641025641026 0.00191693521607
0.064 0.0019170534444
0.0639534883721 0.0019170534444
0.063829787234 0.0019170534444
0.0637254901961 0.00191752641743
0.0636942675159 0.00191752641743
0.0636363636364 0.00191752641743
0.0635838150289 0.00191752641743
0.0635593220339 0.00191752641743
0.0634920634921 0.00191752641743
0.0634146341463 0.00191823605611
0.0633802816901 0.00191823605611
0.0632911392405 0.00191823605611
0.0632411067194 0.00191823605611
0.0632183908046 0.00191823605611
0.0631578947368 0.00191823605611
0.0631067961165 0.0019184726501
0.0630630630631 0.0019184726501
0.0629921259843 0.0019184726501
0.0629370629371 0.00191870926798
0.062893081761 0.00191882758588
0.0628571428571 0.00191882758588
0.0628272251309 0.00191882758588
0.0627615062762 0.00191882758588
0.0627306273063 0.00191882758588
0.0625 0.00191882758588
0.0622009569378 0.00190427491741
0.0621761658031 0.00190427491741
0.0621468926554 0.00190427491741
0.0621118012422 0.00190427491741
0.0620689655172 0.00190427491741
0.062015503876 0.00190439301842
0.0619469026549 0.00190462923815
0.0618556701031 0.00190462923815
0.0617283950617 0.00190462923815
0.0616438356164 0.00190486548151
0.0615384615385 0.00190486548151
0.0614035087719 0.00190581069125
0.0613496932515 0.00190604705275
0.0612244897959 0.00190604705275
0.0611111111111 0.00190663805988
0.0610687022901 0.00190663805988
0.0609756097561 0.00190663805988
0.0609137055838 0.00190675627903
0.0608695652174 0.00190675627903
0.0608108108108 0.00190675627903
0.060773480663 0.00190675627903
0.0607476635514 0.00190675627903
0.0606060606061 0.00190675627903
0.0604838709677 0.00190829366547
0.0604395604396 0.00190829366547
0.0604026845638 0.00190829366547
0.0603448275862 0.00190829366547
0.0603015075377 0.00190841196731
0.0602409638554 0.00190841196731
0.0601503759398 0.00190853027506
0.0601092896175 0.00190853027506
0.0600858369099 0.00190853027506
0.06 0.00190853027506
0.0599078341014 0.00190912190242
0.059880239521 0.00190912190242
0.0598290598291 0.00190912190242
0.0597826086957 0.00190912190242
0.0597609561753 0.00190912190242
0.0597014925373 0.00190912190242
0.0596026490066 0.00190959531064
0.0595238095238 0.00190959531064
0.0594594594595 0.00190959531064
0.0594059405941 0.00190959531064
0.0593220338983 0.00190959531064
0.0592592592593 0.00190959531064
0.0592105263158 0.00190959531064
0.0591715976331 0.00190959531064
0.0591397849462 0.00190959531064
0.0590717299578 0.00190959531064
0.0588235294118 0.00190959531064
0.05859375 0.00191443723282
0.0585585585586 0.00191443723282
0.0585106382979 0.00191443723282
0.0584795321637 0.00191443723282
0.0584415584416 0.00191443723282
0.0583941605839 0.00191443723282
0.0583333333333 0.00191443723282
0.0582959641256 0.00191443723282
0.0582524271845 0.00191443723282
0.0582010582011 0.00191443723282
0.0581395348837 0.00191443723282
0.058064516129 0.00191455544577
0.0580357142857 0.00191455544577
0.0579710144928 0.00191455544577
0.0578947368421 0.00191479188927
0.0578512396694 0.00191479188927
0.0578034682081 0.00191491011982
0.0577777777778 0.00191491011982
0.0576923076923 0.00191491011982
0.0575916230366 0.00191491011982
0.0575539568345 0.00191491011982
0.0574712643678 0.00191491011982
0.0574162679426 0.00191491011982
0.0573770491803 0.00191491011982
0.0573248407643 0.00191491011982
0.0572916666667 0.00191491011982
0.0571428571429 0.00191491011982
0.0570175438596 0.00191644765098
0.0569948186528 0.00191644765098
0.0569620253165 0.00191644765098
0.0569105691057 0.00191644765098
0.0568181818182 0.00191644765098
0.0567375886525 0.00191644765098
0.0567010309278 0.00191644765098
0.0566801619433 0.00191644765098
0.0566037735849 0.00191644765098
0.0564971751412 0.00191668428225
0.0564516129032 0.00191668428225
0.0564102564103 0.00191668428225
0.0563909774436 0.00191668428225
0.056338028169 0.00191668428225
0.05625 0.00191680260668
0.0561797752809 0.00191680260668
0.0561224489796 0.00191692093699
0.0560747663551 0.00191692093699
0.056 0.00191692093699
0.0559440559441 0.00191703927316
0.055900621118 0.00191703927316
0.0558659217877 0.00191703927316
0.0558375634518 0.00191703927316
0.0558139534884 0.00191703927316
0.0557939914163 0.00191703927316
0.0555555555556 0.00191703927316
0.0552995391705 0.00151680121285
0.0552763819095 0.00151680121285
0.0552486187845 0.00151680121285
0.0552147239264 0.00151680121285
0.0551724137931 0.00151680121285
0.0551181102362 0.00151680121285
0.0550847457627 0.00151680121285
0.0550458715596 0.00151680121285
0.055 0.00151703692023
0.0549450549451 0.00151703692023
0.0548780487805 0.00151703692023
0.0547945205479 0.00151703692023
0.0547263681592 0.00151750840463
0.0546875 0.00151750840463
0.0546448087432 0.00151750840463
0.0545454545455 0.00151750840463
0.0544747081712 0.00151774418164
0.0544217687075 0.00151774418164
0.054347826087 0.00151774418164
0.0542986425339 0.00151774418164
0.0542635658915 0.00151774418164
0.0542168674699 0.00151774418164
0.0541871921182 0.00151774418164
0.0540540540541 0.00151774418164
0.0539215686275 0.00151877692144
0.0538922155689 0.00151877692144
0.0538461538462 0.00151877692144
0.0538116591928 0.00151877692144
0.0537634408602 0.00151877692144
0.0537190082645 0.00151877692144
0.0536912751678 0.00151877692144
0.0535714285714 0.00151877692144
0.0534979423868 0.00151889484776
0.0534759358289 0.00151889484776
0.0534351145038 0.00151889484776
0.0533980582524 0.00151889484776
0.0533333333333 0.00151889484776
0.0532786885246 0.00151889484776
0.0532544378698 0.00151889484776
0.0531914893617 0.00151889484776
0.0530973451327 0.00151889484776
0.0530303030303 0.00151889484776
0.0529801324503 0.00151889484776
0.0529411764706 0.00151889484776
0.0529100529101 0.00151889484776
0.0528846153846 0.00151889484776
0.0528455284553 0.00151889484776
0.0526315789474 0.00151889484776
0.0524344569288 0.00150645678654
0.0524017467249 0.00150645678654
0.052380952381 0.00150645678654
0.0523560209424 0.00150645678654
0.0523255813953 0.00150645678654
0.0522875816993 0.00150645678654
0.0522388059701 0.00150645678654
0.0521739130435 0.00150645678654
0.0520833333333 0.00150645678654
0.0520231213873 0.00150645678654
0.0519480519481 0.00150645678654
0.0518867924528 0.00150657480008
0.0518518518519 0.00150657480008
0.0518134715026 0.00150657480008
0.0517928286853 0.00150657480008
0.051724137931 0.00150657480008
0.0516129032258 0.0015066928194
0.0515463917526 0.0015066928194
0.0515021459227 0.00150681084451
0.0514705882353 0.00150681084451
0.0514285714286 0.00150681084451
0.0514018691589 0.00150681084451
0.0513833992095 0.00150681084451
0.0512820512821 0.00150681084451
0.0511363636364 0.0015071649546
0.0510948905109 0.00150751911679
0.0510638297872 0.00150751911679
0.0510204081633 0.00150751911679
0.0509554140127 0.00150751911679
0.0509259259259 0.00150751911679
0.0508474576271 0.00150751911679
0.0507614213198 0.00150810950292
0.0507246376812 0.00150810950292
0.0506912442396 0.00150810950292
0.0506329113924 0.00150810950292
0.0505836575875 0.00150822759752
0.0505617977528 0.00150822759752
0.0505415162455 0.00150822759752
0.0505050505051 0.00150822759752
0.0504587155963 0.00150822759752
0.0504201680672 0.00150822759752
0.0503597122302 0.00150822759752
0.0503144654088 0.00150822759752
0.0502793296089 0.00150822759752
0.0502092050209 0.00150822759752
0.05 0.00150822759752
0.0497737556561 0.00148358020761
0.0497512437811 0.00148358020761
0.0497237569061 0.00148358020761
0.0496894409938 0.00148358020761
0.0496453900709 0.00148358020761
0.0496183206107 0.00148358020761
0.0495867768595 0.00148358020761
0.0495495495495 0.00148358020761
0.049504950495 0.00148358020761
0.0494505494505 0.00148358020761
0.0493827160494 0.00148358020761
0.0492957746479 0.00148381629825
0.0492610837438 0.00148381629825
0.0491803278689 0.00148381629825
0.0490797546012 0.00148381629825
0.0490196078431 0.00148381629825
0.048951048951 0.00148381629825
0.0489130434783 0.00148381629825
0.0488888888889 0.00148381629825
0.0487804878049 0.00148381629825
0.0486486486486 0.00148417047755
0.0486111111111 0.00148417047755
0.0485436893204 0.00148417047755
0.0484848484848 0.00148417047755
0.0483870967742 0.00148417047755
0.048309178744 0.00148428854888
0.048275862069 0.00148428854888
0.0482456140351 0.00148428854888
0.0481927710843 0.00148428854888
0.0481481481481 0.00148428854888
0.048128342246 0.00148428854888
0.0480769230769 0.00148428854888
0.048 0.00148428854888
0.0479452054795 0.00148428854888
0.0479041916168 0.00148428854888
0.0478723404255 0.00148428854888
0.047619047619 0.00148428854888
0.0473933649289 0.00148413891877
0.0473684210526 0.00148413891877
0.0473372781065 0.00148413891877
0.0473186119874 0.00148413891877
0.0472972972973 0.00148413891877
0.0472440944882 0.00148413891877
0.0471698113208 0.00148413891877
0.047138047138 0.00148413891877
0.0471204188482 0.00148413891877
0.0470588235294 0.00148413891877
0.0469798657718 0.00148413891877
0.0469483568075 0.00148413891877
0.0469208211144 0.00148413891877
0.046875 0.00148413891877
0.0468085106383 0.00148425688017
0.046783625731 0.00148425688017
0.0467289719626 0.00148425688017
0.0466666666667 0.00148425688017
0.0466321243523 0.00148425688017
0.0466101694915 0.00148425688017
0.046511627907 0.00148425688017
0.0464135021097 0.00148437484735
0.0463917525773 0.00148437484735
0.046357615894 0.00148437484735
0.0462962962963 0.00148437484735
0.0462427745665 0.00148437484735
0.0461538461538 0.00148437484735
0.0460526315789 0.0014847287835
0.0459770114943 0.0014847287835
0.0459183673469 0.0014847287835
0.045871559633 0.0014847287835
0.0458333333333 0.0014847287835
0.0458015267176 0.0014847287835
0.0457516339869 0.0014847287835
0.0457142857143 0.0014847287835
0.0456852791878 0.0014847287835
0.0456621004566 0.0014847287835
0.0456026058632 0.0014847287835
0.0454545454545 0.0014847287835
0.0452674897119 0.0014276313231
0.0452488687783 0.0014276313231
0.0452261306533 0.0014276313231
0.045197740113 0.0014276313231
0.0451612903226 0.0014276313231
0.0451127819549 0.0014276313231
0.0450819672131 0.0014276313231
0.045045045045 0.0014276313231
0.045 0.0014276313231
0.0449438202247 0.0014276313231
0.0448979591837 0.0014276313231
0.0448717948718 0.0014276313231
0.044776119403 0.0014276313231
0.0447154471545 0.0014276313231
0.0446927374302 0.0014276313231
0.0446428571429 0.0014276313231
0.0445859872611 0.0014276313231
0.0445544554455 0.0014276313231
0.0445344129555 0.0014276313231
0.0444444444444 0.0014276313231
0.0443349753695 0.00142786708983
0.0443037974684 0.00142786708983
0.0442804428044 0.00142786708983
0.0442477876106 0.00142786708983
0.0441988950276 0.00142786708983
0.0441767068273 0.00142786708983
0.0441176470588 0.00142786708983
0.0440528634361 0.00142786708983
0.0440251572327 0.00142786708983
0.044 0.00142786708983
0.043956043956 0.00142786708983
0.0439024390244 0.00142786708983
0.0438596491228 0.00142786708983
0.0438247011952 0.00142786708983
0.043795620438 0.00142786708983
0.04375 0.00142786708983
0.0437158469945 0.00142786708983
0.0436893203883 0.00142786708983
0.0436681222707 0.00142786708983
0.0434782608696 0.00142786708983
0.0433070866142 0.00142565664776
0.04329004329 0.00142565664776
0.0432692307692 0.00142565664776
0.0432432432432 0.00142565664776
0.0432098765432 0.00142565664776
0.0431654676259 0.00142565664776
0.043137254902 0.00142565664776
0.0431034482759 0.00142565664776
0.0430622009569 0.00142565664776
0.0430107526882 0.00142565664776
0.0429447852761 0.00142565664776
0.0429184549356 0.00142565664776
0.0428571428571 0.00142565664776
0.0427807486631 0.00142565664776
0.042735042735 0.00142565664776
0.0426829268293 0.00142565664776
0.042654028436 0.00142565664776
0.0426356589147 0.00142565664776
0.0425531914894 0.00142565664776
0.0424528301887 0.00142577428071
0.0424242424242 0.00142577428071
0.0423728813559 0.00142577428071
0.042328042328 0.00142577428071
0.0423076923077 0.00142577428071
0.0422535211268 0.00142577428071
0.0421686746988 0.00142577428071
0.0421052631579 0.00142577428071
0.0420168067227 0.00142589191942
0.041958041958 0.00142589191942
0.0419161676647 0.00142589191942
0.0418848167539 0.00142589191942
0.0418604651163 0.00142589191942
0.0416666666667 0.00142589191942
0.0414746543779 0.00142483339148
0.0414507772021 0.00142483339148
0.0414201183432 0.00142483339148
0.0413793103448 0.00142483339148
0.0413223140496 0.00142483339148
0.0412844036697 0.00142483339148
0.0412371134021 0.00142483339148
0.0411764705882 0.00142483339148
0.0411392405063 0.00142483339148
0.041095890411 0.00142483339148
0.0410256410256 0.00142483339148
0.0409836065574 0.00142483339148
0.0409356725146 0.00142483339148
0.0409090909091 0.00142483339148
0.0408163265306 0.00142483339148
0.0406976744186 0.00142483339148
0.0406504065041 0.00142483339148
0.0406091370558 0.00142483339148
0.0405405405405 0.00142483339148
0.0404858299595 0.00142483339148
0.0404624277457 0.00142483339148
0.040404040404 0.00142483339148
0.0403587443946 0.00142483339148
0.0403225806452 0.00142483339148
0.0402684563758 0.00142483339148
0.0402298850575 0.00142483339148
0.0402010050251 0.00142483339148
0.0401785714286 0.00142483339148
0.04 0.00142483339148
0.0398230088496 0.00142330745725
0.0398009950249 0.00142330745725
0.0397727272727 0.00142330745725
0.0397350993377 0.00142330745725
0.0396825396825 0.00142330745725
0.039603960396 0.00142330745725
0.0395480225989 0.00142330745725
0.0395256916996 0.00142330745725
0.0394736842105 0.00142330745725
0.0394088669951 0.00142330745725
0.0393700787402 0.00142330745725
0.0393258426966 0.00142330745725
0.0393013100437 0.00142330745725
0.0392156862745 0.00142330745725
0.0391304347826 0.00142342480349
0.0391061452514 0.00142342480349
0.0390879478827 0.00142342480349
0.0390625 0.00142342480349
0.0390243902439 0.00142342480349
0.038961038961 0.00142342480349
0.0389105058366 0.00142342480349
0.0388888888889 0.00142342480349
0.0388692579505 0.00142342480349
0.0388349514563 0.00142342480349
0.0387931034483 0.00142342480349
0.0387596899225 0.00142342480349
0.0387096774194 0.00142342480349
0.0386740331492 0.00142342480349
0.0386473429952 0.00142342480349
0.0386266094421 0.00142342480349
0.0384615384615 0.00142342480349
0.0382978723404 0.00142210749685
0.0382775119617 0.00142210749685
0.0382513661202 0.00142210749685
0.0382165605096 0.00142210749685
0.0381679389313 0.00142210749685
0.0380952380952 0.00142210749685
0.0380434782609 0.00142210749685
0.0379746835443 0.00142210749685
0.0379146919431 0.00142210749685
0.0378787878788 0.00142210749685
0.0378378378378 0.00142210749685
0.0378151260504 0.00142210749685
0.0377358490566 0.00142210749685
0.0376569037657 0.00142222467735
0.0376344086022 0.00142222467735
0.0375939849624 0.00142222467735
0.0375 0.00142222467735
0.0374331550802 0.00142234186356
0.0373831775701 0.00142234186356
0.0373443983402 0.00142234186356
0.0373134328358 0.00142234186356
0.0372670807453 0.00142234186356
0.0372340425532 0.00142234186356
0.0372093023256 0.00142234186356
0.0371900826446 0.00142234186356
0.0371747211896 0.00142234186356
0.037037037037 0.00142234186356
0.0369318181818 0.00142169856182
0.0369003690037 0.00142169856182
0.0368852459016 0.00142169856182
0.036866359447 0.00142169856182
0.0368421052632 0.00142169856182
0.0368098159509 0.00142169856182
0.0367892976589 0.00142169856182
0.0367647058824 0.00142169856182
0.0366972477064 0.00142169856182
0.0366492146597 0.00142169856182
0.0365853658537 0.00142169856182
0.0365296803653 0.00142169856182
0.036496350365 0.00142169856182
0.0364583333333 0.00142169856182
0.0364372469636 0.00142169856182
0.0363636363636 0.00142169856182
0.0362694300518 0.00142169856182
0.036231884058 0.00142169856182
0.0361990950226 0.00142169856182
0.0361445783133 0.00142169856182
0.0360824742268 0.00142169856182
0.036036036036 0.00142169856182
0.036 0.00142169856182
0.0359712230216 0.00142169856182
0.0359281437126 0.00142169856182
0.0358974358974 0.00142169856182
0.0358744394619 0.00142169856182
0.0358565737052 0.00142169856182
0.0357142857143 0.00142169856182
0.0355555555556 0.00142140705009
0.0355329949239 0.00142140705009
0.0355029585799 0.00142140705009
0.0354609929078 0.00142140705009
0.0354330708661 0.00142140705009
0.0353982300885 0.00142140705009
0.0353535353535 0.00142140705009
0.0352941176471 0.00142140705009
0.0352422907489 0.00142140705009
0.0352112676056 0.00142140705009
0.035175879397 0.00142140705009
0.03515625 0.00142140705009
0.0350877192982 0.00142140705009
0.035 0.00142140705009
0.034965034965 0.00142140705009
0.0349344978166 0.00142140705009
0.0348837209302 0.00142140705009
0.0347826086957 0.00142140705009
0.034749034749 0.00142140705009
0.0347222222222 0.00142140705009
0.0346820809249 0.00142140705009
0.0346534653465 0.00142140705009
0.0344827586207 0.00142140705009
0.0343511450382 0.00142050240327
0.0343347639485 0.00142050240327
0.0343137254902 0.00142050240327
0.0342857142857 0.00142050240327
0.0342465753425 0.00142050240327
0.034188034188 0.00142050240327
0.0341463414634 0.00142050240327
0.0340909090909 0.00142050240327
0.0340425531915 0.00142050240327
0.0340136054422 0.00142050240327
0.0339805825243 0.00142050240327
0.0338983050847 0.00142050240327
0.0338345864662 0.00142050240327
0.0338164251208 0.00142050240327
0.0337837837838 0.00142050240327
0.0337552742616 0.00142050240327
0.0337078651685 0.00142050240327
0.0336538461538 0.00142050240327
0.0336134453782 0.00142050240327
0.0335570469799 0.00142050240327
0.0335195530726 0.00142050240327
0.0334928229665 0.00142050240327
0.0334728033473 0.00142050240327
0.0333333333333 0.00142050240327
0.0331753554502 0.00142035704013
0.0331491712707 0.00142035704013
0.0331125827815 0.00142035704013
0.0330578512397 0.00142035704013
0.0330188679245 0.00142035704013
0.032967032967 0.00142035704013
0.0329218106996 0.00142035704013
0.0328947368421 0.00142035704013
0.0328638497653 0.00142035704013
0.0327868852459 0.00142035704013
0.0327102803738 0.00142035704013
0.0326797385621 0.00142035704013
0.0326086956522 0.00142035704013
0.0325581395349 0.00142035704013
0.0325203252033 0.00142035704013
0.0324675324675 0.00142035704013
0.0324324324324 0.00142035704013
0.0324074074074 0.00142035704013
0.0323886639676 0.00142035704013
0.0322580645161 0.00142035704013
0.0321100917431 0.00141997796446
0.0320855614973 0.00141997796446
0.0320512820513 0.00141997796446
0.032 0.00141997796446
0.0319634703196 0.00141997796446
0.031914893617 0.00141997796446
0.0318725099602 0.00141997796446
0.031847133758 0.00141997796446
0.0318021201413 0.00141997796446
0.031746031746 0.00141997796446
0.0316742081448 0.00141997796446
0.0316455696203 0.00141997796446
0.0315789473684 0.00141997796446
0.0315315315315 0.00141997796446
0.0314960629921 0.00141997796446
0.0314465408805 0.00141997796446
0.0314136125654 0.00141997796446
0.0313901345291 0.00141997796446
0.0313725490196 0.00141997796446
0.03125 0.00141997796446
0.0311111111111 0.00141858036745
0.0310880829016 0.00141858036745
0.0310559006211 0.00141858036745
0.031007751938 0.00141858036745
0.0309734513274 0.00141858036745
0.0309278350515 0.00141858036745
0.0308641975309 0.00141858036745
0.0308370044053 0.00141858036745
0.0307692307692 0.00141858036745
0.030701754386 0.00141858036745
0.0306748466258 0.00141858036745
0.030612244898 0.00141858036745
0.0305676855895 0.00141858036745
0.030534351145 0.00141858036745
0.030487804878 0.00141858036745
0.0304568527919 0.00141858036745
0.0304347826087 0.00141858036745
0.0304182509506 0.00141858036745
0.030303030303 0.00141858036745
0.0301724137931 0.00141820224155
0.0301507537688 0.00141820224155
0.0301204819277 0.00141820224155
0.0300751879699 0.00141820224155
0.0300429184549 0.00141820224155
0.03 0.00141820224155
0.0299401197605 0.00141820224155
0.0299145299145 0.00141820224155
0.0298507462687 0.00141820224155
0.0297872340426 0.00141820224155
0.0297619047619 0.00141820224155
0.029702970297 0.00141820224155
0.0296610169492 0.00141820224155
0.0296296296296 0.00141820224155
0.0295857988166 0.00141820224155
0.0295566502463 0.00141820224155
0.0295358649789 0.00141820224155
0.0294117647059 0.00141820224155
0.029304029304 0.00141706904823
0.0292887029289 0.00141706904823
0.0292682926829 0.00141706904823
0.0292397660819 0.00141706904823
0.029197080292 0.00141706904823
0.0291262135922 0.00141706904823
0.0290909090909 0.00141706904823
0.0290697674419 0.00141706904823
0.0289855072464 0.00141706904823
0.028901734104 0.00141706904823
0.0288461538462 0.00141706904823
0.0287769784173 0.00141706904823
0.0287539936102 0.00141706904823
0.0287356321839 0.00141706904823
0.0287081339713 0.00141706904823
0.0286885245902 0.00141706904823
0.0285714285714 0.00141706904823
0.0284552845528 0.0014163145716
0.0284360189573 0.0014163145716
0.0284090909091 0.0014163145716
0.0283687943262 0.0014163145716
0.0283400809717 0.0014163145716
0.0283018867925 0.0014163145716
0.0282485875706 0.0014163145716
0.0281690140845 0.0014163145716
0.0281124497992 0.0014163145716
0.0280898876404 0.0014163145716
0.0280373831776 0.0014163145716
0.028 0.0014163145716
0.027972027972 0.0014163145716
0.0279329608939 0.0014163145716
0.0279069767442 0.0014163145716
0.0278884462151 0.0014163145716
0.0277777777778 0.0014163145716
0.0276679841897 0.00141530070666
0.0276497695853 0.00141530070666
0.0276243093923 0.00141530070666
0.0275862068966 0.00141530070666
0.0275229357798 0.00141530070666
0.0274725274725 0.00141530070666
0.027397260274 0.00141530070666
0.0273224043716 0.00141530070666
0.0272727272727 0.00141530070666
0.0272373540856 0.00141530070666
0.0272108843537 0.00141530070666
0.0271739130435 0.00141530070666
0.027149321267 0.00141530070666
0.027027027027 0.00141530070666
0.0269058295964 0.00141530070666
0.0268817204301 0.00141530070666
0.0268456375839 0.00141530070666
0.0268199233716 0.00141530070666
0.0267857142857 0.00141530070666
0.0267379679144 0.00141530070666
0.0267175572519 0.00141530070666
0.0266666666667 0.00141530070666
0.0265957446809 0.00141530070666
0.0265486725664 0.00141530070666
0.0265151515152 0.00141530070666
0.0264900662252 0.00141530070666
0.026455026455 0.00141530070666
0.0264317180617 0.00141530070666
0.0263157894737 0.00141530070666
0.0262172284644 0.00141492431362
0.0262008733624 0.00141492431362
0.0261780104712 0.00141492431362
0.0261437908497 0.00141492431362
0.0260869565217 0.00141492431362
0.0260416666667 0.00141492431362
0.025974025974 0.00141492431362
0.0259259259259 0.00141492431362
0.0259067357513 0.00141492431362
0.0258620689655 0.00141492431362
0.0258064516129 0.00141492431362
0.0257731958763 0.00141492431362
0.0257510729614 0.00141492431362
0.0257234726688 0.00141492431362
0.025641025641 0.00141492431362
0.0255319148936 0.00141452091797
0.0255102040816 0.00141452091797
0.0254777070064 0.00141452091797
0.0254237288136 0.00141452091797
0.0253807106599 0.00141452091797
0.0253164556962 0.00141452091797
0.0252707581227 0.00141452091797
0.0252525252525 0.00141452091797
0.0252365930599 0.00141452091797
0.0252100840336 0.00141452091797
0.0251798561151 0.00141452091797
0.0251572327044 0.00141452091797
0.0251256281407 0.00141452091797
0.0251046025105 0.00141452091797
0.025 0.00141452091797
0.0248962655602 0.00141376926774
0.0248756218905 0.00141376926774
0.0248447204969 0.00141376926774
0.0248226950355 0.00141376926774
0.0247933884298 0.00141376926774
0.0247524752475 0.00141376926774
0.0247349823322 0.00141376926774
0.0246913580247 0.00141376926774
0.0246305418719 0.00141376926774
0.0245901639344 0.00141376926774
0.0245398773006 0.00141376926774
0.0245098039216 0.00141376926774
0.0244897959184 0.00141376926774
0.0243902439024 0.00141376926774
0.0242914979757 0.00141264326022
0.0242718446602 0.00141264326022
0.0242587601078 0.00141264326022
0.0242424242424 0.00141264326022
0.0241935483871 0.00141264326022
0.024154589372 0.00141264326022
0.0240963855422 0.00141264326022
0.0240384615385 0.00141264326022
0.024 0.00141264326022
0.0239726027397 0.00141264326022
0.0239520958084 0.00141264326022
0.0239234449761 0.00141264326022
0.0238095238095 0.00141264326022
0.0237154150198 0.00141264326022
0.0236966824645 0.00141264326022
0.0236686390533 0.00141264326022
0.0236220472441 0.00141264326022
0.0235849056604 0.00141264326022
0.0235294117647 0.00141264326022
0.0234741784038 0.00141264326022
0.0234375 0.00141264326022
0.0233918128655 0.00141264326022
0.0233644859813 0.00141264326022
0.0232558139535 0.00141264326022
0.0231481481481 0.00141264326022
0.0231213872832 0.00141264326022
0.023102310231 0.00141264326022
0.0230769230769 0.00141264326022
0.0230414746544 0.00141264326022
0.0229885057471 0.00141264326022
0.0229508196721 0.00141264326022
0.0229357798165 0.00141264326022
0.0229007633588 0.00141264326022
0.0228758169935 0.00141264326022
0.0228571428571 0.00141264326022
0.0228310502283 0.00141264326022
0.0227272727273 0.00141264326022
0.022641509434 0.00141264326022
0.0226244343891 0.00141264326022
0.0225988700565 0.00141264326022
0.0225563909774 0.00141264326022
0.0225225225225 0.00141264326022
0.0224719101124 0.00141264326022
0.0224215246637 0.00141264326022
0.0223880597015 0.00141264326022
0.0223463687151 0.00141264326022
0.0223214285714 0.00141264326022
0.0223048327138 0.00141264326022
0.0222222222222 0.00141264326022
0.0221238938053 0.00141151901077
0.0220994475138 0.00141151901077
0.0220588235294 0.00141151901077
0.0220264317181 0.00141151901077
0.021978021978 0.00141151901077
0.0219298245614 0.00141151901077
0.021897810219 0.00141151901077
0.0218579234973 0.00141151901077
0.0218340611354 0.00141151901077
0.0217391304348 0.00141151901077
0.021645021645 0.00141077048601
0.0216216216216 0.00141077048601
0.0215827338129 0.00141077048601
0.0215053763441 0.00141077048601
0.0214592274678 0.00141077048601
0.0214285714286 0.00141077048601
0.0213903743316 0.00141077048601
0.0213675213675 0.00141077048601
0.0212765957447 0.00141077048601
0.021186440678 0.00141077048601
0.021164021164 0.00141077048601
0.0211267605634 0.00141077048601
0.0210970464135 0.00141077048601
0.0210526315789 0.00141077048601
0.021021021021 0.00141077048601
0.0210084033613 0.00141077048601
0.020979020979 0.00141077048601
0.020942408377 0.00141077048601
0.0209205020921 0.00141077048601
0.0209059233449 0.00141077048601
0.0208333333333 0.00141077048601
0.020725388601 0.00141077048601
0.0206896551724 0.00141077048601
0.0206611570248 0.00141077048601
0.020618556701 0.00141077048601
0.0205761316872 0.00141077048601
0.0205479452055 0.00141077048601
0.0205128205128 0.00141077048601
0.0204918032787 0.00141077048601
0.0204081632653 0.00141077048601
0.020325203252 0.00141077048601
0.0203045685279 0.00141077048601
0.0202702702703 0.00141077048601
0.020202020202 0.00141077048601
0.0201612903226 0.00141077048601
0.0201342281879 0.00141077048601
0.0201005025126 0.00141077048601
0.02 0.00141077048601
0.0199203187251 0.00141039651567
0.0199004975124 0.00141039651567
0.0198675496689 0.00141039651567
0.0198412698413 0.00141039651567
0.019801980198 0.00141039651567
0.0197628458498 0.00141039651567
0.0197368421053 0.00141039651567
0.0197044334975 0.00141039651567
0.0196850393701 0.00141039651567
0.0196078431373 0.00141039651567
0.01953125 0.00141039651567
0.019512195122 0.00141039651567
0.0194805194805 0.00141039651567
0.0194174757282 0.00141039651567
0.0193548387097 0.00141039651567
0.0193236714976 0.00141039651567
0.0192307692308 0.00141039651567
0.0191693290735 0.00141039651567
0.0191570881226 0.00141039651567
0.0191387559809 0.00141039651567
0.0191082802548 0.00141039651567
0.0190839694656 0.00141039651567
0.0190476190476 0.00141039651567
0.0189873417722 0.00141039651567
0.0189573459716 0.00141039651567
0.0188679245283 0.00141039651567
0.0187969924812 0.00141039651567
0.018779342723 0.00141039651567
0.01875 0.00141039651567
0.0187265917603 0.00141039651567
0.018691588785 0.00141039651567
0.0186567164179 0.00141039651567
0.0186335403727 0.00141039651567
0.0186046511628 0.00141039651567
0.0185873605948 0.00141039651567
0.0185185185185 0.00141039651567
0.0184501845018 0.00141039651567
0.0184331797235 0.00141039651567
0.0184049079755 0.00141039651567
0.0183486238532 0.00141039651567
0.0182926829268 0.00141039651567
0.0182648401826 0.00141039651567
0.0182481751825 0.00141039651567
0.0181818181818 0.00141039651567
0.0180995475113 0.00141039651567
0.0180722891566 0.00141039651567
0.018018018018 0.00141039651567
0.0179640718563 0.00141039651567
0.0179372197309 0.00141039651567
0.0178571428571 0.00141039651567
0.017793594306 0.00141039651567
0.0177777777778 0.00141039651567
0.0177514792899 0.00141039651567
0.0176991150442 0.00141039651567
0.0176470588235 0.00141039651567
0.0176211453744 0.00141039651567
0.0175438596491 0.00141039651567
0.0174927113703 0.00141002273984
0.0174825174825 0.00141002273984
0.0174672489083 0.00141002273984
0.0174418604651 0.00141002273984
0.0173913043478 0.00141002273984
0.0173410404624 0.00141002273984
0.017316017316 0.00141002273984
0.0173010380623 0.00141002273984
0.0172413793103 0.00141002273984
0.0171673819742 0.00141002273984
0.0171428571429 0.00141002273984
0.017094017094 0.00141002273984
0.0170454545455 0.00141002273984
0.0170212765957 0.00141002273984
0.0170068027211 0.00141002273984
0.0169491525424 0.00141002273984
0.0168776371308 0.00141002273984
0.0168539325843 0.00141002273984
0.0168067226891 0.00141002273984
0.0167597765363 0.00141002273984
0.0167364016736 0.00141002273984
0.0166666666667 0.00141002273984
0.0165975103734 0.00140964915839
0.0165745856354 0.00140964915839
0.0165562913907 0.00140964915839
0.0165289256198 0.00140964915839
0.0164835164835 0.00140964915839
0.0164609053498 0.00140964915839
0.016393442623 0.00140964915839
0.0163265306122 0.00128062109169
0.0163043478261 0.00128062109169
0.0162601626016 0.00128062109169
0.0162162162162 0.00128062109169
0.0161943319838 0.00128062109169
0.0161290322581 0.00128062109169
0.016077170418 0.00128062109169
0.0160642570281 0.00128062109169
0.0160427807487 0.00128062109169
0.016 0.00128062109169
0.0159574468085 0.00128062109169
0.015873015873 0.00128062109169
0.0158102766798 0.00128062109169
0.0157894736842 0.00128062109169
0.0157480314961 0.00128062109169
0.0157068062827 0.00128062109169
0.015625 0.00128062109169
0.0155440414508 0.00128062109169
0.015503875969 0.00128062109169
0.0154639175258 0.00128062109169
0.015444015444 0.00128062109169
0.0153846153846 0.00128062109169
0.015306122449 0.00128062109169
0.0152671755725 0.00128062109169
0.0152284263959 0.00128062109169
0.0152091254753 0.00128062109169
0.0151515151515 0.00128062109169
0.0150943396226 0.00128062109169
0.0150753768844 0.00128062109169
0.015037593985 0.00128062109169
0.015 0.00128062109169
0.0149253731343 0.00128062109169
0.0148698884758 0.00128062109169
0.0148514851485 0.00128062109169
0.0148148148148 0.00128062109169
0.0147783251232 0.00128062109169
0.0147058823529 0.00128062109169
0.0146341463415 0.00128062109169
0.014598540146 0.00128062109169
0.0145631067961 0.00128062109169
0.0144927536232 0.00128062109169
0.014440433213 0.00128062109169
0.0144230769231 0.00128062109169
0.0143884892086 0.00128062109169
0.0143540669856 0.00128062109169
0.0142857142857 0.00128062109169
0.0142180094787 0.00128062109169
0.0141843971631 0.00128062109169
0.0141509433962 0.00128062109169
0.0140845070423 0.00128062109169
0.0140186915888 0.00128062109169
0.013986013986 0.00128062109169
0.0139534883721 0.00128062109169
0.0138888888889 0.00128062109169
0.0138248847926 0.00128062109169
0.0137931034483 0.00128062109169
0.0137614678899 0.00128062109169
0.013698630137 0.00128062109169
0.0136363636364 0.00128062109169
0.0136054421769 0.00128062109169
0.0135746606335 0.00128062109169
0.0135135135135 0.00128062109169
0.0134529147982 0.00128062109169
0.0134228187919 0.00128062109169
0.0133928571429 0.00128062109169
0.0133333333333 0.00128062109169
0.0132743362832 0.00128062109169
0.0132450331126 0.00128062109169
0.0132158590308 0.00128062109169
0.0131578947368 0.00128062109169
0.0131004366812 0.00128062109169
0.0130718954248 0.00128062109169
0.0130434782609 0.00128062109169
0.012987012987 0.00128062109169
0.0129310344828 0.00128062109169
0.0129032258065 0.00128062109169
0.0128755364807 0.00128062109169
0.0128205128205 0.00128062109169
0.0127659574468 0.00128024805339
0.0127388535032 0.00128024805339
0.0127118644068 0.00128024805339
0.0126582278481 0.00128024805339
0.0126050420168 0.00128024805339
0.0125786163522 0.00128024805339
0.0125523012552 0.00128024805339
0.0125 0.00128024805339
0.0124481327801 0.00128024805339
0.0124223602484 0.00128024805339
0.0123966942149 0.00128024805339
0.0123456790123 0.00128024805339
0.0122950819672 0.00128024805339
0.0122699386503 0.00128024805339
0.0122448979592 0.00128024805339
0.0121951219512 0.00128024805339
0.0121457489879 0.00127950255817
0.0121212121212 0.00127950255817
0.0120481927711 0.00127950255817
0.012 0.00127950255817
0.0119760479042 0.00127950255817
0.0119521912351 0.00127950255817
0.0119047619048 0.00127950255817
0.0118577075099 0.00127950255817
0.0118343195266 0.00127950255817
0.011811023622 0.00127950255817
0.0117647058824 0.00127950255817
0.0116959064327 0.00127950255817
0.011673151751 0.00127950255817
0.0116279069767 0.00127950255817
0.0115606936416 0.00127950255817
0.0115384615385 0.00127950255817
0.0114942528736 0.00127950255817
0.0114285714286 0.00127950255817
0.0113636363636 0.00127950255817
0.011320754717 0.00127950255817
0.0112994350282 0.00127950255817
0.0112359550562 0.00127950255817
0.0111940298507 0.00127950255817
0.0111731843575 0.00127950255817
0.0111111111111 0.00127950255817
0.0110701107011 0.00127950255817
0.0110497237569 0.00127950255817
0.0110294117647 0.00127950255817
0.010989010989 0.00127950255817
0.0109289617486 0.00127950255817
0.0108695652174 0.00127950255817
0.0108303249097 0.00127950255817
0.0108108108108 0.00127950255817
0.010752688172 0.00127950255817
0.0106951871658 0.00127950255817
0.0106761565836 0.00127950255817
0.0106382978723 0.00127950255817
0.010582010582 0.00127950255817
0.0105263157895 0.00127950255817
0.0104712041885 0.00127950255817
0.0104166666667 0.00127950255817
0.0103626943005 0.00127950255817
0.0103092783505 0.00127950255817
0.0102564102564 0.00127950255817
0.0102040816327 0.00127950255817
0.010152284264 0.00127950255817
0.010101010101 0.00127950255817
0.0100502512563 0.0012210638992
0.01 0.0012210638992
0.00995024875622 0.0012210638992
0.00990099009901 0.0012210638992
0.00985221674877 0.0012210638992
0.00980392156863 0.0012210638992
0.00975609756098 0.0012210638992
0.00970873786408 0.0012210638992
0.00966183574879 0.0012210638992
0.00961538461538 0.0012210638992
0.00956937799043 0.0012210638992
0.00952380952381 0.0012210638992
0.00947867298578 0.00122069217593
0.00943396226415 0.00122069217593
0.0093896713615 0.00122069217593
0.00934579439252 0.00122069217593
0.0093023255814 0.00122069217593
0.00925925925926 0.00122069217593
0.00921658986175 0.00122069217593
0.00917431192661 0.00122069217593
0.00913242009132 0.00122069217593
0.00909090909091 0.00122069217593
0.00904977375566 0.00122069217593
0.00900900900901 0.00122069217593
0.00896860986547 0.00122069217593
0.00892857142857 0.00122069217593
0.00888888888889 0.00122069217593
0.00884955752212 0.00122069217593
0.00881057268722 0.00122069217593
0.00877192982456 0.00122069217593
0.00873362445415 0.00122069217593
0.00869565217391 0.00122069217593
0.00865800865801 0.00122069217593
0.00862068965517 0.00122069217593
0.00858369098712 0.00122069217593
0.00854700854701 0.00122069217593
0.00851063829787 0.00122069217593
0.00847457627119 0.00122069217593
0.0084388185654 0.00122069217593
0.00840336134454 0.00122069217593
0.00836820083682 0.00122069217593
0.00833333333333 0.00122069217593
0.00829875518672 0.00122069217593
0.00826446280992 0.00122069217593
0.0082304526749 0.00122069217593
0.00819672131148 0.00122069217593
0.00816326530612 0.00122069217593
0.00813008130081 0.00122069217593
0.0080971659919 0.00122069217593
0.00806451612903 0.00122069217593
0.00803212851406 0.00122069217593
0.008 0.00122069217593
0.00796812749004 0.00122069217593
0.00793650793651 0.00122069217593
0.00790513833992 0.00122069217593
0.00787401574803 0.00122069217593
0.0078431372549 0.00122069217593
0.0078125 0.00122069217593
0.00778210116732 0.00122069217593
0.0077519379845 0.00122069217593
0.00772200772201 0.00122069217593
0.00769230769231 0.00122069217593
0.00763358778626 0.00122069217593
0.00760456273764 0.00122069217593
0.00757575757576 0.00122069217593
0.00751879699248 0.00122069217593
0.00749063670412 0.00122069217593
0.00746268656716 0.00122069217593
0.00740740740741 0.00122069217593
0.00735294117647 0.00122069217593
0.00729927007299 0.00122069217593
0.00724637681159 0.00122069217593
0.00719424460432 0.00122069217593
0.00714285714286 0.00122069217593
0.00709219858156 0.00122069217593
0.00704225352113 0.00122069217593
0.00699300699301 0.00122032064556
0.00694444444444 0.00122032064556
0.00689655172414 0.00122032064556
0.00684931506849 0.00122032064556
0.00680272108844 0.00122032064556
0.00675675675676 0.00122032064556
0.00671140939597 0.00122032064556
0.00666666666667 0.00122032064556
0.00662251655629 0.00122032064556
0.00657894736842 0.00122032064556
0.00653594771242 0.00122032064556
0.00649350649351 0.00122032064556
0.00645161290323 0.00122032064556
0.00641025641026 0.00122032064556
0.00636942675159 0.00122032064556
0.00632911392405 0.00122032064556
0.0062893081761 0.00122032064556
0.00625 0.00122032064556
0.00621118012422 0.00122032064556
0.00617283950617 0.00122032064556
0.00613496932515 0.00122032064556
0.00609756097561 0.00122032064556
0.00606060606061 0.00122032064556
0.00602409638554 0.00122032064556
0.0059880239521 0.00122032064556
0.00595238095238 0.00122032064556
0.00591715976331 0.00122032064556
0.00588235294118 0.00122032064556
0.00584795321637 0.00122032064556
0.00581395348837 0.00122032064556
0.00578034682081 0.00122032064556
0.00574712643678 0.00122032064556
0.00571428571429 0.00122032064556
0.00568181818182 0.00122032064556
0.00564971751412 0.00122032064556
0.00561797752809 0.00122032064556
0.00558659217877 0.00121994930796
0.00555555555556 0.00121994930796
0.00552486187845 0.00121994930796
0.00549450549451 0.00121994930796
0.00546448087432 0.00121994930796
0.0054347826087 0.00121994930796
0.00540540540541 0.00121994930796
0.00537634408602 0.00121994930796
0.00534759358289 0.00121994930796
0.00531914893617 0.00121994930796
0.00529100529101 0.00121994930796
0.00526315789474 0.00121994930796
0.00523560209424 0.00121994930796
0.00520833333333 0.00121994930796
0.00518134715026 0.00121994930796
0.00515463917526 0.00121994930796
0.00512820512821 0.00121994930796
0.00510204081633 0.00121994930796
0.00507614213198 0.00121994930796
0.00505050505051 0.00121994930796
0.00502512562814 0.00121994930796
0.005 0.00121994930796
0.00497512437811 0.00121994930796
0.0049504950495 0.00121994930796
0.00492610837438 0.00121994930796
0.00490196078431 0.00121994930796
0.00487804878049 0.00121994930796
0.00485436893204 0.00121994930796
0.0048309178744 0.00121994930796
0.00480769230769 0.00121994930796
0.00478468899522 0.00121994930796
0.0047619047619 0.00121994930796
0.00473933649289 0.00121994930796
0.00471698113208 0.00121994930796
0.00469483568075 0.00121994930796
0.00467289719626 0.00121994930796
0.0046511627907 0.00121994930796
0.00462962962963 0.00121994930796
0.00460829493088 0.00121994930796
0.0045871559633 0.00121994930796
0.00456621004566 0.00121994930796
0.00454545454545 0.00121994930796
0.00452488687783 0.00121994930796
0.0045045045045 0.00121994930796
0.00448430493274 0.00121994930796
0.00446428571429 0.00121994930796
0.00444444444444 0.00121994930796
0.00442477876106 0.00121994930796
0.00440528634361 0.00121994930796
0.00438596491228 0.00121994930796
0.00436681222707 0.00121994930796
0.00434782608696 0.00121994930796
0.004329004329 0.00121994930796
0.00431034482759 0.00121994930796
0.00429184549356 0.00121994930796
0.0042735042735 0.00121994930796
0.00425531914894 0.00121994930796
0.00423728813559 0.00121994930796
0.0042194092827 0.00121994930796
0.00420168067227 0.00121994930796
0.00418410041841 0.00121994930796
0.00416666666667 0.00121994930796
0.00414937759336 0.00121994930796
0.00413223140496 0.00121994930796
0.00411522633745 0.00121994930796
0.00409836065574 0.00121994930796
0.00408163265306 0.00121994930796
0.00406504065041 0.00121994930796
0.00404858299595 0.00121994930796
0.00398406374502 0.00121994930796
0.00395256916996 0.00121994930796
0.00392156862745 0.00121994930796
0.00384615384615 0.00121994930796
0.00378787878788 0.00121994930796
0.00375939849624 0.00121994930796
0.00373134328358 0.00121994930796
0.00369003690037 0.00121994930796
0.0 0.00121994930796
